,state,county,tract,C17002_001E,C17002_008E,POP_BELOW200,TENURE_TOT,TENURE_OWN,TENURE_RENT,B25003A_001E,B25003A_002E,B25003A_003E,B25003B_001E,B25003B_002E,B25003B_003E,B25003C_001E,B25003C_002E,B25003C_003E,B25003D_001E,B25003D_002E,B25003D_003E,B25003E_001E,B25003E_002E,B25003E_003E,B25003F_001E,B25003F_002E,B25003F_003E,B25003G_001E,B25003G_002E,B25003G_003E,B25003H_001E,B25003H_002E,B25003H_003E,B25003I_001E,B25003I_002E,B25003I_003E
1,6,1,400100,3011,2744,267,1292,1164,128,983,864,119,44,44,0,0,0,0,210,210,0,0,0,0,9,0,9,46,46,0,956,837,119,35,35,0
2,6,1,400200,1952,1739,213,813,531,282,707,471,236,4,0,4,4,4,0,71,36,35,0,0,0,0,0,0,27,20,7,648,423,225,72,61,11
3,6,1,400300,5153,4384,769,2439,1136,1303,1788,986,802,280,0,280,0,0,0,254,95,159,8,8,0,36,0,36,73,47,26,1632,951,681,209,35,174
4,6,1,400400,4158,3366,792,1798,708,1090,1267,546,721,165,74,91,12,12,0,247,76,171,0,0,0,18,0,18,89,0,89,1183,486,697,138,72,66
5,6,1,400500,3733,2955,778,1643,609,1034,1018,359,659,449,232,217,0,0,0,61,8,53,0,0,0,48,0,48,67,10,57,959,352,607,88,7,81
6,6,1,400600,1656,1213,443,713,319,394,375,186,189,218,81,137,5,0,5,43,24,19,0,0,0,9,4,5,63,24,39,362,183,179,45,9,36
7,6,1,400700,4552,2604,1948,1787,644,1143,728,308,420,830,271,559,30,6,24,34,27,7,0,0,0,82,0,82,83,32,51,604,290,314,228,18,210
8,6,1,400800,3457,2186,1271,1580,572,1008,769,342,427,522,126,396,7,0,7,198,57,141,0,0,0,43,22,21,41,25,16,730,342,388,100,31,69
9,6,1,400900,2228,1540,688,1025,305,720,430,185,245,360,78,282,4,4,0,95,16,79,0,0,0,84,22,62,52,0,52,364,179,185,113,20,93
10,6,1,401000,6184,3609,2575,2619,793,1826,938,321,617,1038,292,746,9,9,0,96,30,66,52,38,14,243,45,198,243,58,185,857,314,543,447,83,364
11,6,1,401100,4138,2866,1272,2032,532,1500,1475,298,1177,344,181,163,0,0,0,122,53,69,0,0,0,29,0,29,62,0,62,1347,260,1087,189,38,151
12,6,1,401200,2593,2067,526,1231,437,794,832,304,528,217,65,152,10,0,10,66,49,17,0,0,0,42,0,42,64,19,45,794,288,506,108,25,83
13,6,1,401300,3668,1735,1933,1705,229,1476,585,115,470,597,46,551,10,0,10,318,34,284,0,0,0,48,16,32,147,18,129,517,96,421,180,35,145
14,6,1,401400,4057,1307,2750,1544,227,1317,417,67,350,735,116,619,34,6,28,119,29,90,27,0,27,145,0,145,67,9,58,267,57,210,318,19,299
15,6,1,401500,2605,1373,1232,1023,368,655,351,169,182,509,141,368,4,2,2,66,36,30,10,0,10,24,0,24,59,20,39,301,150,151,90,21,69
16,6,1,401600,2173,1044,1129,781,170,611,333,64,269,238,37,201,11,0,11,92,53,39,11,0,11,39,0,39,57,16,41,282,64,218,115,4,111
17,6,1,401700,2664,1700,964,1231,605,626,577,334,243,312,119,193,0,0,0,166,79,87,0,0,0,141,44,97,35,29,6,456,261,195,270,117,153
18,6,1,401800,1866,746,1120,731,168,563,269,82,187,348,68,280,0,0,0,24,6,18,0,0,0,34,6,28,56,6,50,231,80,151,85,14,71
19,6,1,402200,2396,971,1425,838,299,539,306,130,176,326,114,212,3,3,0,111,27,84,11,0,11,39,15,24,42,10,32,241,118,123,121,27,94
20,6,1,402400,2754,1464,1290,1151,193,958,245,41,204,649,139,510,15,0,15,202,9,193,0,0,0,36,0,36,4,4,0,190,41,149,109,11,98
21,6,1,402500,1833,638,1195,704,102,602,92,25,67,500,73,427,0,0,0,43,0,43,0,0,0,30,0,30,39,4,35,60,4,56,91,25,66
22,6,1,402600,1272,439,833,654,101,553,136,39,97,207,20,187,2,0,2,297,42,255,0,0,0,4,0,4,8,0,8,102,39,63,38,0,38
23,6,1,402700,1724,901,823,680,81,599,183,32,151,347,30,317,8,0,8,44,5,39,0,0,0,44,0,44,54,14,40,133,20,113,137,12,125
24,6,1,402800,3798,1598,2200,2295,130,2165,561,51,510,1029,40,989,36,0,36,501,26,475,0,0,0,27,0,27,141,13,128,484,51,433,198,7,191
25,6,1,402900,1298,668,630,853,5,848,257,0,257,216,0,216,6,0,6,288,5,283,0,0,0,18,0,18,68,0,68,227,0,227,59,0,59
26,6,1,403000,3167,1182,1985,1611,350,1261,122,20,102,69,0,69,11,11,0,1340,303,1037,34,0,34,8,0,8,27,16,11,122,20,102,0,0,0
27,6,1,403100,1416,781,635,712,196,516,225,64,161,89,17,72,9,0,9,378,115,263,0,0,0,7,0,7,4,0,4,225,64,161,7,0,7
28,6,1,403300,4159,2300,1859,2158,486,1672,717,199,518,221,75,146,19,0,19,1019,178,841,0,0,0,98,0,98,84,34,50,605,185,420,210,14,196
29,6,1,403400,4337,2923,1414,2746,276,2470,1281,197,1084,575,3,572,32,7,25,598,56,542,0,0,0,105,0,105,155,13,142,1184,187,997,212,10,202
30,6,1,403501,4359,2360,1999,2583,328,2255,899,176,723,748,65,683,58,8,50,678,79,599,0,0,0,41,0,41,159,0,159,828,153,675,197,23,174
31,6,1,403502,2081,1573,508,1170,267,903,658,141,517,267,32,235,0,0,0,148,68,80,0,0,0,51,8,43,46,18,28,633,141,492,83,8,75
32,6,1,403600,4641,3268,1373,2530,390,2140,1242,230,1012,753,67,686,19,0,19,239,83,156,0,0,0,27,0,27,250,10,240,1176,193,983,164,37,127
33,6,1,403701,2716,2043,673,1683,211,1472,1169,144,1025,232,25,207,0,0,0,176,34,142,0,0,0,41,8,33,65,0,65,1079,118,961,114,34,80
34,6,1,403702,2027,1566,461,1123,276,847,768,227,541,106,9,97,0,0,0,134,0,134,29,10,19,39,0,39,47,30,17,714,227,487,110,0,110
35,6,1,403800,3323,2949,374,1808,587,1221,1325,408,917,111,38,73,0,0,0,257,125,132,0,0,0,32,0,32,83,16,67,1191,383,808,193,32,161
36,6,1,403900,3938,3031,907,2244,772,1472,1545,555,990,336,108,228,0,0,0,284,98,186,0,0,0,51,0,51,28,11,17,1495,555,940,98,16,82
37,6,1,404000,2932,2398,534,1650,489,1161,1135,357,778,109,38,71,5,5,0,164,46,118,18,0,18,131,0,131,88,43,45,1068,336,732,240,38,202
38,6,1,404101,3183,2696,487,1679,661,1018,1214,457,757,98,67,31,3,3,0,230,61,169,0,0,0,14,0,14,120,73,47,1157,450,707,74,15,59
39,6,1,404102,2307,1915,392,1515,254,1261,1128,199,929,79,9,70,12,0,12,181,20,161,19,0,19,25,18,7,71,8,63,1107,199,908,125,18,107
40,6,1,404200,3469,3240,229,1285,1002,283,1009,810,199,149,112,37,0,0,0,100,61,39,0,0,0,0,0,0,27,19,8,972,783,189,37,27,10
41,6,1,404300,3329,3078,251,1252,1024,228,940,776,164,85,54,31,0,0,0,127,117,10,24,24,0,53,53,0,23,0,23,918,776,142,96,53,43
42,6,1,404400,5386,4970,416,2317,1979,338,1753,1489,264,110,88,22,0,0,0,410,377,33,0,0,0,0,0,0,44,25,19,1656,1423,233,112,81,31
43,6,1,404501,1820,1731,89,679,585,94,527,463,64,28,19,9,0,0,0,95,79,16,0,0,0,7,7,0,22,17,5,489,439,50,45,31,14
44,6,1,404502,5403,5274,129,2339,2057,282,1749,1605,144,123,123,0,0,0,0,376,262,114,0,0,0,0,0,0,91,67,24,1640,1496,144,109,109,0
45,6,1,404600,4340,4037,303,1761,1621,140,1416,1320,96,97,97,0,8,8,0,202,158,44,19,19,0,0,0,0,19,19,0,1363,1276,87,61,52,9
46,6,1,404700,2166,2042,124,795,721,74,644,595,49,64,64,0,0,0,0,78,53,25,0,0,0,0,0,0,9,9,0,618,575,43,30,24,6
47,6,1,404800,2784,1995,789,1243,600,643,652,437,215,241,39,202,14,3,11,207,97,110,17,17,0,7,7,0,105,0,105,622,430,192,42,10,32
48,6,1,404900,3995,3387,608,1945,1196,749,1150,750,400,287,132,155,5,5,0,292,201,91,28,19,9,73,43,30,110,46,64,1094,733,361,194,91,103
49,6,1,405000,3240,2783,457,1476,923,553,1021,681,340,183,111,72,4,0,4,202,83,119,0,0,0,24,24,0,42,24,18,978,658,320,106,47,59
50,6,1,405100,4265,4188,77,1565,1415,150,1157,1016,141,222,222,0,0,0,0,127,118,9,0,0,0,20,20,0,39,39,0,1126,985,141,59,59,0
51,6,1,405200,5099,3983,1116,2391,624,1767,1099,268,831,468,33,435,45,11,34,533,255,278,8,0,8,95,0,95,143,57,86,944,236,708,320,41,279
52,6,1,405301,2899,2313,586,1517,168,1349,830,66,764,387,6,381,5,0,5,185,63,122,7,7,0,22,0,22,81,26,55,769,66,703,98,0,98
53,6,1,405302,2616,1458,1158,1488,62,1426,626,18,608,255,0,255,6,0,6,420,44,376,0,0,0,89,0,89,92,0,92,546,0,546,176,18,158
54,6,1,405401,4062,1740,2322,1655,207,1448,414,34,380,403,8,395,7,0,7,513,146,367,0,0,0,221,0,221,97,19,78,316,16,300,305,18,287
55,6,1,405402,3155,1082,2073,1155,131,1024,237,24,213,400,27,373,22,0,22,384,77,307,45,0,45,44,3,41,23,0,23,178,24,154,135,3,132
56,6,1,405500,4104,2389,1715,1615,304,1311,471,86,385,377,85,292,10,0,10,577,107,470,0,0,0,69,14,55,111,12,99,393,86,307,200,14,186
57,6,1,405600,3148,2203,945,1411,463,948,663,256,407,307,51,256,3,3,0,287,143,144,0,0,0,68,0,68,83,10,73,458,180,278,283,76,207
58,6,1,405700,3647,1638,2009,1372,330,1042,289,43,246,592,103,489,7,0,7,286,118,168,0,0,0,158,66,92,40,0,40,184,31,153,240,64,176
59,6,1,405800,4207,2137,2070,1320,477,843,239,106,133,411,134,277,13,0,13,511,183,328,12,0,12,80,8,72,54,46,8,138,75,63,229,71,158
60,6,1,405901,4293,1415,2878,1057,342,715,185,54,131,225,105,120,55,24,31,403,133,270,0,0,0,189,26,163,0,0,0,42,0,42,362,99,263
61,6,1,405902,3161,1317,1844,916,238,678,163,30,133,145,40,105,10,0,10,409,130,279,29,0,29,142,38,104,18,0,18,69,20,49,245,48,197
62,6,1,406000,3447,1292,2155,1448,159,1289,428,41,387,235,26,209,5,0,5,657,92,565,0,0,0,99,0,99,24,0,24,409,41,368,118,0,118
63,6,1,406100,4810,2663,2147,1496,463,1033,634,153,481,186,25,161,33,0,33,276,134,142,9,9,0,319,130,189,39,12,27,395,79,316,617,204,413
64,6,1,406201,4190,1756,2434,1352,261,1091,406,74,332,299,52,247,14,8,6,274,77,197,42,21,21,227,22,205,90,7,83,157,41,116,521,55,466
65,6,1,406202,4479,1521,2958,1305,142,1163,629,113,516,146,0,146,70,0,70,129,18,111,0,0,0,235,11,224,96,0,96,119,68,51,841,56,785
66,6,1,406300,4148,2034,2114,1203,429,774,274,101,173,220,82,138,3,0,3,457,207,250,0,0,0,170,32,138,79,7,72,117,77,40,397,63,334
67,6,1,406400,2104,1324,780,716,280,436,282,120,162,221,76,145,8,8,0,151,53,98,0,0,0,21,5,16,33,18,15,252,120,132,72,26,46
68,6,1,406500,6456,2947,3509,2018,588,1430,466,163,303,640,76,564,22,0,22,424,251,173,12,12,0,377,77,300,77,9,68,201,105,96,706,135,571
69,6,1,406601,4835,2875,1960,1679,794,885,428,301,127,625,118,507,3,3,0,347,272,75,5,0,5,137,38,99,134,62,72,291,240,51,293,118,175
70,6,1,406602,2767,1390,1377,959,297,662,271,104,167,291,40,251,24,0,24,279,129,150,7,0,7,69,12,57,18,12,6,181,98,83,196,24,172
71,6,1,406700,4947,3905,1042,2130,1301,829,1322,926,396,289,99,190,5,5,0,407,237,170,0,0,0,33,17,16,74,17,57,1204,869,335,168,91,77
72,6,1,406800,3477,2784,693,1368,919,449,744,600,144,198,45,153,16,7,9,307,203,104,0,0,0,62,29,33,41,35,6,692,565,127,131,75,56
73,6,1,406900,3970,2935,1035,1528,771,757,813,532,281,346,36,310,0,0,0,204,175,29,21,0,21,48,17,31,96,11,85,699,479,220,151,59,92
74,6,1,407000,5772,2573,3199,1953,869,1084,634,289,345,390,100,290,22,15,7,495,321,174,0,0,0,309,110,199,103,34,69,443,254,189,500,145,355
75,6,1,407101,3538,1927,1611,1020,359,661,381,139,242,154,11,143,11,0,11,279,166,113,0,0,0,158,43,115,37,0,37,157,89,68,372,93,279
76,6,1,407102,4279,2734,1545,1288,611,677,423,210,213,361,97,264,7,7,0,269,184,85,28,8,20,142,72,70,58,33,25,146,100,46,435,189,246
77,6,1,407200,6556,2399,4157,1801,375,1426,752,118,634,252,15,237,38,21,17,264,113,151,19,19,0,437,78,359,39,11,28,208,25,183,1051,191,860
78,6,1,407300,2472,1074,1398,744,214,530,353,85,268,129,55,74,0,0,0,84,24,60,6,6,0,132,31,101,40,13,27,204,19,185,302,110,192
79,6,1,407400,4452,1968,2484,1147,321,826,258,52,206,285,59,226,0,0,0,154,106,48,0,0,0,404,87,317,46,17,29,76,8,68,634,140,494
80,6,1,407500,4139,1186,2953,1279,355,924,226,72,154,656,192,464,9,0,9,48,27,21,0,0,0,305,64,241,35,0,35,60,30,30,471,106,365
81,6,1,407600,6381,3714,2667,2186,1190,996,543,381,162,1026,425,601,0,0,0,209,121,88,25,25,0,213,157,56,170,81,89,387,294,93,427,302,125
82,6,1,407700,4271,3054,1217,1646,1141,505,649,533,116,806,439,367,0,0,0,73,73,0,0,0,0,62,40,22,56,56,0,572,456,116,149,114,35
83,6,1,407800,1869,1453,416,759,506,253,268,211,57,344,212,132,0,0,0,77,52,25,0,0,0,28,12,16,42,19,23,242,189,53,66,34,32
84,6,1,407900,3072,2629,443,1113,845,268,637,499,138,229,145,84,0,0,0,151,151,0,0,0,0,38,10,28,58,40,18,573,435,138,111,73,38
85,6,1,408000,2296,2102,194,970,833,137,618,536,82,146,105,41,5,0,5,163,154,9,0,0,0,14,14,0,24,24,0,591,519,72,44,34,10
86,6,1,408100,6266,5555,711,2662,2172,490,1224,1112,112,693,420,273,34,34,0,467,449,18,0,0,0,70,38,32,174,119,55,1125,1031,94,231,137,94
87,6,1,408200,4140,2582,1558,1703,698,1005,492,308,184,940,231,709,33,17,16,74,49,25,17,17,0,78,30,48,69,46,23,396,243,153,214,103,111
88,6,1,408300,4918,3449,1469,1762,1102,660,574,466,108,843,433,410,0,0,0,103,56,47,8,8,0,155,70,85,79,69,10,558,455,103,157,67,90
89,6,1,408400,3120,1030,2090,1086,420,666,309,182,127,557,183,374,16,0,16,0,0,0,6,0,6,170,55,115,28,0,28,172,106,66,312,131,181
90,6,1,408500,5729,2534,3195,1617,519,1098,150,42,108,803,286,517,17,0,17,24,16,8,21,0,21,571,151,420,31,24,7,28,28,0,710,185,525
91,6,1,408600,6287,1897,4390,1811,691,1120,427,169,258,834,291,543,37,12,25,42,39,3,0,0,0,403,150,253,68,30,38,142,73,69,720,258,462
92,6,1,408700,7708,3398,4310,2325,782,1543,496,234,262,1285,374,911,0,0,0,63,44,19,0,0,0,322,66,256,159,64,95,131,98,33,813,258,555
93,6,1,408800,6296,1966,4330,1950,343,1607,267,74,193,879,147,732,15,0,15,152,16,136,57,0,57,481,106,375,99,0,99,50,0,50,731,180,551
94,6,1,408900,3090,862,2228,944,280,664,233,66,167,409,111,298,3,3,0,37,27,10,0,0,0,247,67,180,15,6,9,29,11,18,466,128,338
95,6,1,409000,3698,1840,1858,1038,505,533,210,94,116,463,276,187,29,29,0,42,42,0,5,0,5,250,49,201,39,15,24,37,26,11,460,146,314
96,6,1,409100,2414,1119,1295,634,394,240,81,57,24,371,198,173,0,0,0,26,23,3,17,17,0,108,95,13,31,4,27,7,7,0,211,150,61
97,6,1,409200,3567,1870,1697,923,460,463,144,42,102,429,255,174,34,18,16,38,12,26,0,0,0,237,101,136,41,32,9,56,16,40,352,149,203
98,6,1,409300,4977,1979,2998,1553,677,876,381,182,199,586,278,308,7,0,7,27,27,0,0,0,0,475,179,296,77,11,66,122,38,84,776,331,445
99,6,1,409400,4855,1794,3061,1230,458,772,300,124,176,399,152,247,0,0,0,112,51,61,0,0,0,399,111,288,20,20,0,103,41,62,610,208,402
100,6,1,409500,4321,1425,2896,1117,309,808,231,84,147,513,171,342,7,0,7,12,0,12,0,0,0,324,54,270,30,0,30,58,19,39,530,127,403
101,6,1,409600,4838,1640,3198,1382,491,891,243,83,160,618,268,350,0,0,0,51,33,18,0,0,0,447,97,350,23,10,13,27,0,27,657,180,477
102,6,1,409700,5467,2472,2995,1524,552,972,316,152,164,791,265,526,4,0,4,72,36,36,15,0,15,296,99,197,30,0,30,52,13,39,580,238,342
103,6,1,409800,3206,2239,967,1255,651,604,185,93,92,805,458,347,0,0,0,85,55,30,0,0,0,93,25,68,87,20,67,176,93,83,77,35,42
104,6,1,409900,3391,2867,524,1383,1201,182,464,402,62,689,598,91,0,0,0,102,90,12,0,0,0,49,32,17,79,79,0,408,352,56,105,82,23
105,6,1,410000,3179,2783,396,1197,1128,69,540,527,13,498,465,33,0,0,0,64,54,10,0,0,0,2,2,0,93,80,13,505,492,13,37,37,0
106,6,1,410100,2715,1640,1075,992,565,427,218,151,67,650,332,318,0,0,0,34,23,11,0,0,0,20,20,0,70,39,31,129,85,44,138,99,39
107,6,1,410200,3352,2020,1332,1146,491,655,269,88,181,615,203,412,0,0,0,46,46,0,12,12,0,186,124,62,18,18,0,152,58,94,313,164,149
108,6,1,410300,3534,1701,1833,946,324,622,169,64,105,395,181,214,14,7,7,15,15,0,22,9,13,288,48,240,43,0,43,17,9,8,460,103,357
109,6,1,410400,4479,3138,1341,1397,881,516,347,221,126,717,432,285,0,0,0,140,107,33,0,0,0,160,88,72,33,33,0,110,76,34,401,237,164
110,6,1,410500,2303,839,1464,961,86,875,81,20,61,686,38,648,0,0,0,127,14,113,15,0,15,35,7,28,17,7,10,70,20,50,53,0,53
111,6,1,420100,2432,2139,293,870,564,306,629,404,225,19,6,13,0,0,0,157,124,33,0,0,0,35,12,23,30,18,12,614,404,210,39,0,39
112,6,1,420200,3319,2659,660,1240,519,721,775,331,444,87,56,31,5,0,5,302,123,179,11,0,11,40,9,31,20,0,20,768,331,437,47,9,38
113,6,1,420300,4657,4038,619,1955,961,994,1030,539,491,98,63,35,0,0,0,645,319,326,75,0,75,84,17,67,23,23,0,1015,524,491,99,32,67
114,6,1,420400,3288,1774,1514,1177,0,1177,521,0,521,45,0,45,42,0,42,417,0,417,19,0,19,80,0,80,53,0,53,384,0,384,280,0,280
115,6,1,420500,2463,1980,483,934,454,480,581,281,300,36,13,23,5,5,0,203,111,92,0,0,0,44,0,44,65,44,21,546,263,283,61,22,39
116,6,1,420600,3161,2984,177,1219,936,283,932,744,188,29,29,0,8,0,8,162,132,30,0,0,0,53,31,22,35,0,35,901,728,173,123,57,66
117,6,1,421100,2123,2007,116,860,793,67,745,692,53,0,0,0,0,0,0,99,91,8,0,0,0,11,5,6,5,5,0,730,677,53,15,15,0
118,6,1,421200,3629,3361,268,1521,1309,212,1296,1143,153,7,7,0,10,10,0,144,106,38,0,0,0,9,9,0,55,34,21,1242,1115,127,63,37,26
119,6,1,421300,3922,3526,396,1638,1240,398,1392,1082,310,30,30,0,0,0,0,162,92,70,0,0,0,9,9,0,45,27,18,1376,1066,310,25,16,9
120,6,1,421400,1690,1528,162,650,547,103,549,456,93,25,25,0,3,3,0,57,47,10,0,0,0,6,6,0,10,10,0,528,440,88,27,22,5
121,6,1,421500,3799,3642,157,1579,1309,270,1442,1185,257,19,19,0,0,0,0,85,85,0,0,0,0,6,6,0,27,14,13,1412,1166,246,50,26,24
122,6,1,421600,3510,3032,478,1583,1203,380,1253,970,283,40,30,10,0,0,0,238,170,68,9,0,9,10,0,10,33,33,0,1213,950,263,69,29,40
123,6,1,421700,3611,2795,816,1605,608,997,1214,497,717,0,0,0,6,0,6,237,81,156,0,0,0,54,0,54,94,30,64,1160,479,681,117,18,99
124,6,1,421800,2122,1829,293,938,638,300,770,541,229,11,11,0,4,4,0,142,82,60,0,0,0,0,0,0,11,0,11,743,519,224,27,22,5
125,6,1,421900,3864,3238,626,1711,1130,581,1220,808,412,97,88,9,19,19,0,226,128,98,12,12,0,53,20,33,84,55,29,1188,785,403,84,42,42
126,6,1,422000,2051,1235,816,884,182,702,593,128,465,190,9,181,0,0,0,56,41,15,0,0,0,19,0,19,26,4,22,566,123,443,63,5,58
127,6,1,422100,2605,1874,731,1142,619,523,731,381,350,194,137,57,10,0,10,108,57,51,0,0,0,46,20,26,53,24,29,672,346,326,115,55,60
128,6,1,422200,3560,2624,936,1613,656,957,1075,465,610,163,82,81,0,0,0,227,89,138,20,20,0,78,0,78,50,0,50,963,416,547,165,49,116
129,6,1,422300,3853,2507,1346,1753,538,1215,1345,474,871,91,11,80,0,0,0,235,35,200,0,0,0,23,0,23,59,18,41,1248,434,814,130,40,90
130,6,1,422400,4185,2623,1562,2123,257,1866,1357,229,1128,56,0,56,0,0,0,565,14,551,0,0,0,40,0,40,105,14,91,1255,229,1026,142,0,142
131,6,1,422500,3173,1844,1329,1454,283,1171,948,247,701,7,7,0,3,0,3,411,21,390,0,0,0,26,0,26,59,8,51,881,214,667,100,33,67
132,6,1,422600,87,87,0,21,21,0,21,21,0,0,0,0,0,0,0,0,0,0,0,0,0,0,0,0,0,0,0,21,21,0,0,0,0
133,6,1,422700,2598,840,1758,1019,141,878,641,141,500,0,0,0,0,0,0,285,0,285,0,0,0,36,0,36,57,0,57,613,141,472,89,0,89
134,6,1,422800,2979,805,2174,1389,33,1356,650,33,617,41,0,41,27,0,27,603,0,603,0,0,0,19,0,19,49,0,49,597,33,564,72,0,72
135,6,1,422900,4869,1640,3229,1958,45,1913,830,26,804,279,19,260,0,0,0,734,0,734,0,0,0,15,0,15,100,0,100,817,26,791,44,0,44
136,6,1,423000,4341,3409,932,1953,849,1104,1374,588,786,67,21,46,31,10,21,366,194,172,0,0,0,50,0,50,65,36,29,1272,566,706,182,22,160
137,6,1,423100,4266,3056,1210,2011,694,1317,1118,463,655,348,85,263,5,0,5,333,75,258,0,0,0,61,8,53,146,63,83,1071,452,619,146,57,89
138,6,1,423200,2919,1618,1301,1130,360,770,553,256,297,283,37,246,13,5,8,63,54,9,51,0,51,71,0,71,96,8,88,489,256,233,167,0,167
139,6,1,423300,4123,3062,1061,1665,867,798,854,472,382,603,278,325,9,0,9,157,99,58,0,0,0,26,10,16,16,8,8,760,402,358,167,80,87
140,6,1,423400,5242,3420,1822,2084,992,1092,1061,549,512,405,199,206,0,0,0,242,111,131,0,0,0,111,72,39,265,61,204,934,492,442,303,129,174
141,6,1,423500,3134,1826,1308,1473,413,1060,926,289,637,151,49,102,27,0,27,235,45,190,0,0,0,23,8,15,111,22,89,838,264,574,157,33,124
142,6,1,423601,2716,1964,752,1170,520,650,927,420,507,19,9,10,0,0,0,122,30,92,0,0,0,46,41,5,56,20,36,891,384,507,82,64,18
143,6,1,423602,5355,1904,3451,2262,299,1963,1314,211,1103,57,0,57,33,0,33,683,73,610,36,0,36,24,0,24,115,15,100,1175,211,964,151,0,151
144,6,1,423700,3249,1793,1456,1359,584,775,1034,523,511,39,0,39,16,0,16,210,61,149,0,0,0,28,0,28,32,0,32,1009,505,504,41,18,23
145,6,1,423800,3067,2876,191,1289,1008,281,1163,892,271,0,0,0,0,0,0,122,112,10,0,0,0,4,4,0,0,0,0,1077,864,213,90,32,58
146,6,1,423901,1935,1519,416,859,328,531,565,218,347,153,69,84,0,0,0,54,25,29,0,0,0,48,7,41,39,9,30,518,213,305,106,12,94
147,6,1,423902,1534,1293,241,726,231,495,612,201,411,5,5,0,6,6,0,66,5,61,0,0,0,22,0,22,15,14,1,565,196,369,62,15,47
148,6,1,424001,4242,2413,1829,1543,431,1112,701,242,459,563,113,450,0,0,0,84,15,69,0,0,0,133,23,110,62,38,24,661,226,435,180,39,141
149,6,1,424002,2433,1810,623,958,428,530,422,188,234,355,152,203,7,0,7,70,31,39,0,0,0,56,47,9,48,10,38,369,169,200,126,76,50
150,6,1,425101,1610,1196,414,1161,564,597,677,407,270,103,41,62,6,0,6,293,98,195,8,8,0,0,0,0,74,10,64,659,407,252,28,0,28
151,6,1,425102,3080,2420,660,1798,577,1221,802,212,590,147,9,138,4,4,0,682,279,403,17,0,17,17,8,9,129,65,64,766,182,584,127,74,53
152,6,1,425103,3060,2561,499,1380,529,851,715,301,414,119,8,111,27,27,0,387,160,227,0,0,0,39,28,11,93,5,88,664,293,371,124,63,61
153,6,1,425104,3351,2427,924,1924,620,1304,823,322,501,518,98,420,30,9,21,297,158,139,0,0,0,61,0,61,195,33,162,714,277,437,289,94,195
154,6,1,426100,6271,5849,422,2216,2034,182,1816,1661,155,18,18,0,0,0,0,349,335,14,0,0,0,13,0,13,20,20,0,1796,1641,155,33,20,13
155,6,1,426200,4891,4415,476,1709,1443,266,1370,1143,227,0,0,0,0,0,0,293,283,10,0,0,0,11,0,11,35,17,18,1296,1090,206,91,53,38
156,6,1,427100,3406,3064,342,1401,1039,362,1215,904,311,22,0,22,0,0,0,153,135,18,2,0,2,9,0,9,0,0,0,1160,872,288,64,32,32
157,6,1,427200,4076,2993,1083,1663,670,993,971,520,451,129,4,125,35,35,0,244,70,174,24,17,7,153,24,129,107,0,107,834,485,349,353,87,266
158,6,1,427300,5418,3976,1442,1936,962,974,991,547,444,131,43,88,14,4,10,648,319,329,10,10,0,66,0,66,76,39,37,868,493,375,209,64,145
159,6,1,427600,5757,2852,2905,1838,295,1543,599,143,456,439,14,425,0,0,0,618,125,493,33,13,20,24,0,24,125,0,125,511,143,368,138,0,138
160,6,1,427700,5093,4038,1055,2284,810,1474,1537,573,964,135,11,124,0,0,0,351,179,172,13,0,13,157,47,110,91,0,91,1495,573,922,199,47,152
161,6,1,427800,4808,4262,546,2009,819,1190,1383,684,699,58,0,58,18,0,18,323,74,249,9,0,9,75,32,43,143,29,114,1216,582,634,280,134,146
162,6,1,427900,5166,4496,670,2211,687,1524,1264,546,718,335,0,335,9,9,0,338,85,253,0,0,0,108,0,108,157,47,110,1104,527,577,350,35,315
163,6,1,428000,3022,2260,762,1390,217,1173,759,175,584,127,0,127,0,0,0,412,42,370,0,0,0,47,0,47,45,0,45,599,164,435,231,11,220
164,6,1,428100,4837,4145,692,1943,1029,914,1451,797,654,37,9,28,5,5,0,293,134,159,19,19,0,78,48,30,60,17,43,1366,746,620,164,83,81
165,6,1,428200,6328,5478,850,2708,1540,1168,1808,1199,609,259,15,244,0,0,0,505,298,207,0,0,0,93,28,65,43,0,43,1661,1101,560,258,126,132
166,6,1,428301,6960,6522,438,2509,1943,566,1044,798,246,63,38,25,11,11,0,1257,1013,244,0,0,0,49,49,0,85,34,51,984,763,221,92,67,25
167,6,1,428302,7154,6625,529,2662,2078,584,1512,1123,389,76,58,18,0,0,0,954,777,177,10,10,0,17,17,0,93,93,0,1431,1072,359,98,68,30
168,6,1,428400,4099,3107,992,1852,492,1360,1235,378,857,70,0,70,22,0,22,430,86,344,19,19,0,37,4,33,39,5,34,1068,338,730,222,40,182
169,6,1,428500,3076,2308,768,1428,504,924,789,332,457,46,0,46,0,0,0,426,172,254,0,0,0,73,0,73,94,0,94,760,332,428,111,0,111
170,6,1,428600,3109,2621,488,1551,816,735,854,444,410,169,34,135,7,0,7,473,334,139,0,0,0,9,0,9,39,4,35,835,436,399,35,15,20
171,6,1,428700,3829,2445,1384,1293,444,849,473,170,303,286,8,278,14,0,14,429,254,175,19,5,14,40,7,33,32,0,32,428,133,295,99,44,55
172,6,1,430101,7017,5886,1131,2248,1960,288,996,814,182,64,64,0,9,9,0,1020,949,71,33,33,0,56,56,0,70,35,35,907,745,162,159,139,20
173,6,1,430102,2224,2091,133,867,724,143,629,538,91,24,24,0,0,0,0,173,139,34,0,0,0,5,0,5,36,23,13,570,483,87,64,55,9
174,6,1,430200,6593,6248,345,2506,2371,135,1923,1798,125,30,30,0,14,14,0,414,414,0,0,0,0,66,66,0,59,49,10,1808,1704,104,191,170,21
175,6,1,430300,3827,3314,513,1292,1051,241,958,836,122,95,20,75,6,0,6,160,139,21,0,0,0,56,47,9,17,9,8,899,799,100,115,84,31
176,6,1,430400,2101,1826,275,729,656,73,564,525,39,6,6,0,0,0,0,111,88,23,0,0,0,7,7,0,41,30,11,510,471,39,78,73,5
177,6,1,430500,5516,3678,1838,2031,1264,767,1109,827,282,353,89,264,19,19,0,385,287,98,31,0,31,84,36,48,50,6,44,786,655,131,421,222,199
178,6,1,430600,5993,4829,1164,2188,1751,437,1459,1164,295,118,59,59,9,0,9,509,467,42,0,0,0,0,0,0,93,61,32,1261,1061,200,217,122,95
179,6,1,430700,4026,3567,459,1329,1016,313,997,754,243,20,20,0,0,0,0,218,208,10,0,0,0,21,21,0,73,13,60,856,690,166,199,85,114
180,6,1,430800,6073,4414,1659,2204,1233,971,1530,932,598,59,29,30,13,0,13,446,208,238,64,9,55,49,12,37,43,43,0,1155,756,399,437,188,249
181,6,1,430900,4757,3070,1687,1801,383,1418,1138,310,828,242,22,220,18,14,4,217,37,180,17,0,17,94,0,94,75,0,75,936,285,651,300,52,248
182,6,1,431000,2842,2005,837,1102,404,698,752,309,443,35,0,35,0,0,0,214,95,119,34,0,34,31,0,31,36,0,36,487,263,224,321,46,275
183,6,1,431100,3397,2339,1058,1374,305,1069,999,264,735,143,0,143,0,0,0,112,32,80,4,0,4,70,9,61,46,0,46,745,222,523,324,51,273
184,6,1,431200,5659,4286,1373,2489,1324,1165,1574,894,680,441,111,330,14,14,0,371,254,117,15,15,0,38,18,20,36,18,18,1373,812,561,239,100,139
185,6,1,432100,3683,2872,811,1484,1072,412,835,722,113,203,69,134,9,9,0,251,140,111,0,0,0,116,88,28,70,44,26,732,649,83,244,180,64
186,6,1,432200,4211,3249,962,1707,742,965,951,492,459,276,59,217,23,13,10,267,125,142,38,0,38,97,23,74,55,30,25,752,449,303,380,85,295
187,6,1,432300,4687,3762,925,1709,1063,646,722,492,230,197,87,110,26,23,3,409,380,29,0,0,0,232,52,180,123,29,94,475,381,94,557,221,336
188,6,1,432400,6070,3807,2263,1852,752,1100,919,408,511,205,15,190,8,0,8,491,252,239,50,0,50,134,77,57,45,0,45,590,298,292,493,187,306
189,6,1,432501,4760,3194,1566,1469,753,716,663,340,323,80,9,71,25,0,25,527,324,203,14,14,0,123,53,70,37,13,24,446,211,235,362,202,160
190,6,1,432502,4877,3091,1786,1522,803,719,569,297,272,290,34,256,0,0,0,530,429,101,26,0,26,52,26,26,55,17,38,281,215,66,366,114,252
191,6,1,432600,7227,4484,2743,3036,895,2141,1152,532,620,760,93,667,42,16,26,543,140,403,128,0,128,209,30,179,202,84,118,838,478,360,713,153,560
192,6,1,432700,2848,2219,629,1064,729,335,712,520,192,76,23,53,0,0,0,161,145,16,11,11,0,50,7,43,54,23,31,606,476,130,162,51,111
193,6,1,432800,3514,3142,372,1352,1130,222,767,653,114,189,174,15,10,10,0,252,213,39,0,0,0,89,35,54,45,45,0,674,580,94,262,188,74
194,6,1,433000,3696,2336,1360,1342,902,440,843,608,235,85,20,65,10,7,3,339,246,93,6,6,0,20,0,20,39,15,24,652,511,141,218,104,114
195,6,1,433102,4076,3360,716,1329,928,401,539,323,216,38,10,28,33,33,0,559,471,88,11,6,5,94,67,27,55,18,37,318,245,73,350,145,205
196,6,1,433103,3737,2228,1509,1590,341,1249,570,121,449,566,31,535,0,0,0,250,166,84,31,9,22,58,5,53,115,9,106,289,64,225,378,62,316
197,6,1,433104,4078,2556,1522,1858,564,1294,1014,365,649,389,52,337,10,7,3,264,102,162,19,19,0,119,0,119,43,19,24,754,323,431,420,61,359
198,6,1,433200,7402,4602,2800,2774,1025,1749,908,432,476,757,105,652,16,0,16,856,467,389,11,11,0,72,0,72,154,10,144,620,348,272,403,94,309
199,6,1,433300,7502,5462,2040,2271,1758,513,1051,729,322,104,24,80,26,26,0,878,783,95,10,10,0,165,165,0,37,21,16,804,589,215,461,336,125
200,6,1,433400,6512,4905,1607,2292,1772,520,767,603,164,152,152,0,19,19,0,1154,901,253,0,0,0,78,26,52,122,71,51,612,448,164,286,207,79
201,6,1,433500,4884,3928,956,1405,1178,227,752,638,114,46,11,35,13,13,0,444,404,40,10,10,0,68,30,38,72,72,0,555,493,62,342,252,90
202,6,1,433600,5634,4165,1469,2158,1066,1092,791,427,364,350,60,290,33,33,0,791,492,299,0,0,0,133,34,99,60,20,40,629,367,262,295,94,201
203,6,1,433700,3274,2402,872,1040,379,661,668,188,480,130,48,82,5,0,5,116,59,57,0,0,0,78,47,31,43,37,6,323,104,219,429,131,298
204,6,1,433800,8467,5829,2638,2571,1050,1521,1150,502,648,539,42,497,0,0,0,663,448,215,10,10,0,200,39,161,9,9,0,593,257,336,766,293,473
205,6,1,433900,7580,3069,4511,2398,366,2032,930,132,798,930,57,873,67,12,55,255,138,117,10,0,10,128,27,101,78,0,78,213,68,145,916,89,827
206,6,1,434000,5201,2924,2277,1821,595,1226,946,339,607,416,29,387,11,0,11,190,165,25,7,0,7,198,43,155,53,19,34,405,200,205,787,190,597
207,6,1,435102,4458,3601,857,1571,1154,417,849,624,225,238,177,61,3,3,0,329,251,78,5,5,0,83,34,49,64,60,4,696,534,162,227,115,112
208,6,1,435103,6671,6175,496,2206,2056,150,1031,951,80,238,202,36,0,0,0,803,789,14,0,0,0,30,22,8,104,92,12,917,839,78,168,146,22
209,6,1,435104,5777,3581,2196,2038,413,1625,665,190,475,330,22,308,36,10,26,573,134,439,83,13,70,183,8,175,168,36,132,362,145,217,583,73,510
210,6,1,435200,4488,3720,768,1443,1168,275,641,455,186,405,328,77,0,0,0,240,228,12,0,0,0,76,76,0,81,81,0,465,369,96,273,171,102
211,6,1,435300,4212,2830,1382,1563,654,909,842,411,431,400,160,240,0,0,0,180,70,110,31,0,31,105,8,97,5,5,0,562,345,217,358,66,292
212,6,1,435400,4337,2619,1718,1761,440,1321,922,224,698,422,46,376,9,0,9,269,161,108,19,9,10,25,0,25,95,0,95,539,180,359,473,44,429
213,6,1,435500,3631,2391,1240,1412,431,981,822,214,608,232,27,205,14,8,6,143,87,56,20,20,0,125,62,63,56,13,43,473,160,313,495,137,358
214,6,1,435601,5687,2569,3118,1627,403,1224,967,243,724,119,7,112,6,0,6,85,16,69,40,0,40,288,117,171,122,20,102,320,100,220,988,267,721
215,6,1,435602,5393,3255,2138,1636,609,1027,1042,451,591,128,28,100,0,0,0,256,60,196,31,8,23,123,28,95,56,34,22,521,309,212,703,204,499
216,6,1,435700,4663,3597,1066,1385,959,426,891,654,237,115,40,75,0,0,0,165,136,29,0,0,0,147,113,34,67,16,51,523,385,138,509,376,133
217,6,1,435800,5321,4393,928,1645,1271,374,952,744,208,67,15,52,0,0,0,429,364,65,13,13,0,151,110,41,33,25,8,622,520,102,509,334,175
218,6,1,435900,5511,4479,1032,1611,1232,379,944,743,201,90,59,31,21,21,0,380,272,108,13,7,6,116,100,16,47,30,17,739,596,143,342,268,74
219,6,1,436000,4369,3788,581,1407,1119,288,908,788,120,55,6,49,15,15,0,205,176,29,18,10,8,153,97,56,53,27,26,691,593,98,422,320,102
220,6,1,436100,6057,4831,1226,1819,1041,778,962,579,383,126,23,103,41,41,0,478,289,189,0,0,0,139,80,59,73,29,44,622,473,149,507,232,275
221,6,1,436200,4219,2327,1892,1275,202,1073,666,93,573,266,20,246,10,0,10,133,74,59,39,0,39,139,6,133,22,9,13,248,47,201,584,61,523
222,6,1,436300,7861,5236,2625,2604,1080,1524,1119,354,765,515,167,348,25,9,16,602,489,113,0,0,0,284,61,223,59,0,59,452,194,258,1103,257,846
223,6,1,436401,7874,5615,2259,3013,1377,1636,1600,1003,597,530,52,478,12,0,12,376,216,160,17,17,0,112,0,112,366,89,277,1077,690,387,692,313,379
224,6,1,436402,2875,2576,299,1021,909,112,730,677,53,184,151,33,0,0,0,32,32,0,0,0,0,49,49,0,26,0,26,650,597,53,155,129,26
225,6,1,436500,4955,2833,2122,1715,422,1293,772,212,560,311,12,299,35,0,35,302,141,161,60,3,57,167,51,116,68,3,65,417,125,292,557,138,419
226,6,1,436601,6460,4380,2080,1854,659,1195,888,324,564,329,30,299,18,8,10,306,170,136,36,0,36,176,84,92,101,43,58,367,156,211,763,298,465
227,6,1,436602,5234,3092,2142,1667,328,1339,609,144,465,402,9,393,7,7,0,327,105,222,24,15,9,149,25,124,149,23,126,214,95,119,596,74,522
228,6,1,436700,3174,2569,605,1021,554,467,527,260,267,99,50,49,0,0,0,244,158,86,27,0,27,97,59,38,27,27,0,181,108,73,472,230,242
229,6,1,436800,4234,2728,1506,1338,615,723,609,261,348,144,85,59,8,8,0,261,124,137,8,8,0,216,81,135,92,48,44,311,209,102,541,160,381
230,6,1,436900,6487,3647,2840,1784,761,1023,994,387,607,122,28,94,26,26,0,271,176,95,39,9,30,244,99,145,88,36,52,342,182,160,1000,366,634
231,6,1,437000,3429,2545,884,1242,983,259,636,512,124,146,89,57,23,11,12,258,236,22,37,37,0,63,51,12,79,47,32,373,271,102,350,308,42
232,6,1,437101,6822,5779,1043,1907,1649,258,543,433,110,98,80,18,8,8,0,1004,931,73,28,23,5,113,79,34,113,95,18,354,318,36,339,231,108
233,6,1,437102,4458,3112,1346,1391,726,665,462,315,147,172,35,137,0,0,0,472,272,200,0,0,0,201,72,129,84,32,52,283,218,65,391,180,211
234,6,1,437200,7525,5655,1870,2301,1401,900,933,574,359,296,38,258,30,15,15,805,622,183,28,28,0,60,60,0,149,64,85,526,341,185,527,313,214
235,6,1,437300,3270,2189,1081,915,511,404,299,214,85,174,52,122,26,17,9,219,110,109,30,30,0,131,66,65,36,22,14,178,131,47,265,155,110
236,6,1,437400,3301,2513,788,907,696,211,506,407,99,34,30,4,19,5,14,168,131,37,20,4,16,135,109,26,25,10,15,209,148,61,468,375,93
237,6,1,437500,4584,2565,2019,1177,229,948,566,108,458,89,5,84,0,0,0,212,56,156,7,0,7,271,46,225,32,14,18,186,84,102,682,78,604
238,6,1,437600,3456,2183,1273,890,473,417,369,198,171,84,32,52,0,0,0,237,154,83,45,26,19,134,54,80,21,9,12,200,107,93,328,165,163
239,6,1,437701,3834,1838,1996,1059,251,808,471,128,343,120,20,100,8,0,8,165,58,107,58,9,49,190,24,166,47,12,35,163,54,109,515,105,410
240,6,1,437702,4816,1902,2914,1094,84,1010,458,15,443,85,8,77,18,0,18,133,47,86,0,0,0,367,14,353,33,0,33,41,5,36,790,24,766
241,6,1,437800,4411,3702,709,1373,982,391,481,374,107,185,75,110,0,0,0,403,332,71,60,60,0,200,105,95,44,36,8,303,245,58,406,262,144
242,6,1,437900,2396,1471,925,660,295,365,259,155,104,89,12,77,30,0,30,125,72,53,0,0,0,119,45,74,38,11,27,105,40,65,330,174,156
243,6,1,438000,3743,2735,1008,1097,724,373,591,439,152,13,13,0,12,0,12,326,199,127,0,0,0,135,62,73,20,11,9,423,331,92,323,170,153
244,6,1,438100,7736,6136,1600,2057,1520,537,949,796,153,239,82,157,4,4,0,578,495,83,0,0,0,253,109,144,34,34,0,644,570,74,558,335,223
245,6,1,438201,4902,3251,1651,1187,898,289,456,383,73,121,43,78,0,0,0,315,256,59,14,9,5,238,171,67,43,36,7,234,202,32,506,391,115
246,6,1,438203,4329,3435,894,1212,864,348,489,382,107,105,17,88,5,0,5,462,366,96,22,22,0,99,62,37,30,15,15,366,296,70,248,159,89
247,6,1,438204,5237,3866,1371,1809,1445,364,828,700,128,178,81,97,14,14,0,500,429,71,55,55,0,124,66,58,110,100,10,522,477,45,461,310,151
248,6,1,438300,4087,2804,1283,890,597,293,320,182,138,84,50,34,0,0,0,285,234,51,47,16,31,85,57,28,69,58,11,98,77,21,336,180,156
249,6,1,438400,2509,1990,519,693,579,114,310,259,51,64,41,23,3,3,0,237,201,36,12,12,0,63,63,0,4,0,4,199,159,40,179,168,11
250,6,1,440100,2303,1710,593,1002,484,518,524,217,307,18,5,13,0,0,0,335,194,141,6,6,0,81,37,44,38,25,13,464,198,266,150,56,94
251,6,1,440200,6209,4097,2112,1503,689,814,369,240,129,75,0,75,0,0,0,246,124,122,0,0,0,719,284,435,94,41,53,133,77,56,995,469,526
252,6,1,440301,6974,4989,1985,2081,1553,528,690,548,142,135,92,43,26,11,15,772,586,186,24,0,24,346,241,105,88,75,13,553,411,142,559,439,120
253,6,1,440304,4952,3968,984,1268,856,412,191,168,23,79,25,54,20,14,6,809,537,272,36,13,23,70,50,20,63,49,14,130,116,14,170,141,29
254,6,1,440305,4147,3519,628,971,793,178,291,254,37,82,49,33,13,13,0,497,425,72,24,16,8,46,21,25,18,15,3,228,191,37,125,97,28
255,6,1,440306,4131,2550,1581,1032,599,433,221,149,72,84,38,46,3,0,3,629,376,253,20,15,5,38,6,32,37,15,22,163,105,58,99,44,55
256,6,1,440307,4264,3021,1243,1492,1117,375,629,534,95,86,55,31,13,4,9,604,437,167,22,22,0,104,57,47,34,8,26,489,421,68,253,170,83
257,6,1,440308,5978,4807,1171,1917,1015,902,560,320,240,126,48,78,0,0,0,824,406,418,6,6,0,304,166,138,97,69,28,422,202,220,479,330,149
258,6,1,440331,3513,2202,1311,919,443,476,223,104,119,71,31,40,9,4,5,432,234,198,49,10,39,89,39,50,46,21,25,170,74,96,164,77,87
259,6,1,440332,3516,3345,171,879,771,108,139,111,28,21,14,7,6,6,0,645,595,50,13,13,0,17,9,8,38,23,15,128,100,28,24,16,8
260,6,1,440333,2992,2669,323,812,681,131,185,165,20,75,38,37,9,7,2,521,454,67,0,0,0,8,8,0,14,9,5,154,144,10,39,29,10
261,6,1,440334,4360,3809,551,1051,859,192,251,246,5,67,53,14,0,0,0,553,431,122,30,10,20,57,57,0,93,62,31,203,198,5,115,115,0
262,6,1,440335,6938,6170,768,2196,1233,963,466,165,301,82,43,39,23,6,17,1282,961,321,29,18,11,209,0,209,105,40,65,442,165,277,220,0,220
263,6,1,440336,5327,4173,1154,1442,783,659,422,290,132,97,71,26,0,0,0,716,371,345,22,6,16,77,14,63,108,31,77,304,195,109,222,127,95
264,6,1,441100,4096,3477,619,1584,1207,377,935,706,229,16,16,0,39,13,26,422,338,84,0,0,0,136,98,38,36,36,0,867,655,212,230,175,55
265,6,1,441200,7316,6850,466,2542,1570,972,1273,791,482,40,40,0,15,0,15,891,626,265,0,0,0,223,45,178,100,68,32,1114,689,425,380,145,235
266,6,1,441301,3224,2828,396,1168,533,635,468,179,289,31,14,17,6,6,0,635,323,312,0,0,0,9,0,9,19,11,8,428,179,249,48,0,48
267,6,1,441302,5789,5021,768,1822,1285,537,721,594,127,86,19,67,25,11,14,861,596,265,5,5,0,70,29,41,54,31,23,645,543,102,182,111,71
268,6,1,441401,7429,6097,1332,2325,1563,762,837,634,203,135,18,117,8,8,0,1124,794,330,86,41,45,56,31,25,79,37,42,672,499,173,243,166,77
269,6,1,441402,5295,4955,340,1644,1248,396,501,422,79,32,32,0,15,0,15,1005,785,220,0,0,0,48,0,48,43,9,34,449,370,79,100,52,48
270,6,1,441501,6432,5733,699,1781,1526,255,334,303,31,41,31,10,20,10,10,1273,1099,174,15,9,6,20,20,0,78,54,24,296,275,21,68,48,20
271,6,1,441503,6566,5987,579,2020,1515,505,165,136,29,36,15,21,17,8,9,1731,1311,420,9,0,9,17,0,17,45,45,0,165,136,29,31,0,31
272,6,1,441521,6171,5666,505,1799,1387,412,440,331,109,53,25,28,15,0,15,1203,951,252,14,14,0,44,44,0,30,22,8,368,276,92,125,99,26
273,6,1,441522,5356,4361,995,1481,1160,321,351,250,101,58,0,58,12,12,0,927,842,85,5,5,0,62,51,11,66,0,66,307,206,101,172,124,48
274,6,1,441523,4267,3910,357,1419,671,748,206,86,120,78,10,68,20,5,15,1019,549,470,34,0,34,44,21,23,18,0,18,178,86,92,73,21,52
275,6,1,441524,4349,4085,264,1302,807,495,166,91,75,30,11,19,0,0,0,1071,702,369,3,3,0,0,0,0,32,0,32,143,68,75,23,23,0
276,6,1,441601,4841,4139,702,1455,1254,201,768,672,96,68,61,7,0,0,0,476,432,44,29,0,29,86,68,18,28,21,7,646,557,89,219,194,25
277,6,1,441602,7907,6234,1673,2263,1164,1099,853,584,269,129,36,93,0,0,0,982,437,545,55,21,34,213,81,132,31,5,26,747,540,207,319,125,194
278,6,1,441700,7270,5827,1443,2621,1434,1187,857,405,452,112,36,76,32,18,14,1272,840,432,0,0,0,213,103,110,135,32,103,722,337,385,433,171,262
279,6,1,441800,7298,6399,899,2314,1341,973,1044,610,434,51,0,51,24,11,13,993,674,319,0,0,0,150,9,141,52,37,15,1002,605,397,191,14,177
280,6,1,441921,3917,3663,254,1229,416,813,368,167,201,125,18,107,27,4,23,490,123,367,0,0,0,161,86,75,58,18,40,252,110,142,282,143,139
281,6,1,441923,5982,4287,1695,2360,125,2235,669,28,641,26,0,26,0,0,0,1407,68,1339,0,0,0,115,0,115,143,29,114,646,15,631,154,13,141
282,6,1,441924,7782,6528,1254,2651,1610,1041,954,543,411,20,13,7,24,15,9,1456,928,528,0,0,0,61,25,36,136,86,50,756,507,249,248,61,187
283,6,1,441925,6694,5990,704,2837,517,2320,761,195,566,47,0,47,35,0,35,1755,272,1483,0,0,0,103,0,103,136,50,86,752,195,557,162,50,112
284,6,1,441926,4611,3374,1237,1448,264,1184,262,89,173,68,0,68,3,0,3,712,113,599,18,0,18,307,48,259,78,14,64,210,68,142,377,69,308
285,6,1,441927,4528,4018,510,1790,410,1380,406,81,325,59,0,59,0,0,0,1111,320,791,9,9,0,83,0,83,122,0,122,391,73,318,113,8,105
286,6,1,442000,3328,3159,169,1034,958,76,313,313,0,0,0,0,0,0,0,687,611,76,6,6,0,11,11,0,17,17,0,299,299,0,14,14,0
287,6,1,442100,5242,4784,458,1616,1428,188,377,330,47,9,9,0,11,11,0,1161,1027,134,0,0,0,11,11,0,47,40,7,347,307,40,47,40,7
288,6,1,442200,7221,6736,485,2140,1853,287,644,588,56,17,17,0,7,7,0,1333,1164,169,13,13,0,87,49,38,39,15,24,599,543,56,132,94,38
289,6,1,442301,4878,3814,1064,1516,811,705,512,279,233,61,20,41,7,0,7,768,434,334,12,8,4,124,54,70,32,16,16,480,261,219,172,88,84
290,6,1,442302,5772,4578,1194,2065,680,1385,526,164,362,267,47,220,18,0,18,1029,453,576,17,10,7,130,0,130,78,6,72,475,150,325,181,14,167
291,6,1,442400,6475,5258,1217,1975,1327,648,694,523,171,86,36,50,38,38,0,742,491,251,22,9,13,319,182,137,74,48,26,549,392,157,522,360,162
292,6,1,442500,7262,5539,1723,2219,1267,952,798,573,225,145,21,124,19,0,19,821,483,338,42,42,0,276,63,213,118,85,33,634,409,225,442,283,159
293,6,1,442601,4002,3798,204,1301,949,352,669,567,102,15,0,15,0,0,0,450,311,139,0,0,0,115,51,64,52,20,32,545,459,86,239,159,80
294,6,1,442602,5051,3588,1463,1618,899,719,778,472,306,147,47,100,0,0,0,449,297,152,0,0,0,207,64,143,37,19,18,715,459,256,268,77,191
295,6,1,442700,3227,2992,235,1037,707,330,576,482,94,42,0,42,0,0,0,375,191,184,0,0,0,17,17,0,27,17,10,502,408,94,98,98,0
296,6,1,442800,3024,2405,619,925,696,229,451,337,114,38,16,22,0,0,0,379,302,77,0,0,0,43,27,16,14,14,0,387,298,89,98,66,32
297,6,1,442900,8064,7192,872,2354,1605,749,1069,791,278,59,17,42,7,7,0,895,678,217,74,0,74,126,79,47,124,33,91,928,707,221,290,147,143
298,6,1,443001,2887,2487,400,833,559,274,308,224,84,34,26,8,0,0,0,324,257,67,21,14,7,128,30,98,18,8,10,261,188,73,180,66,114
299,6,1,443002,6570,5354,1216,1887,1323,564,562,384,178,18,7,11,20,10,10,956,728,228,0,0,0,294,180,114,37,14,23,508,366,142,364,204,160
300,6,1,443102,4786,4490,296,1531,1351,180,408,387,21,0,0,0,0,0,0,1085,950,135,8,8,0,17,0,17,13,6,7,397,376,21,35,11,24
301,6,1,443103,4034,3553,481,1234,1139,95,124,95,29,13,0,13,4,4,0,1069,1016,53,0,0,0,0,0,0,24,24,0,108,95,13,16,0,16
302,6,1,443104,5481,4811,670,1743,1178,565,404,332,72,14,0,14,9,3,6,1153,768,385,0,0,0,52,13,39,111,62,49,390,325,65,78,20,58
303,6,1,443105,4553,4178,375,1436,1347,89,290,261,29,31,31,0,0,0,0,1054,994,60,28,28,0,0,0,0,33,33,0,290,261,29,0,0,0
304,6,1,443200,3802,3553,249,1180,1118,62,259,236,23,6,6,0,14,14,0,843,804,39,18,18,0,0,0,0,40,40,0,250,227,23,21,21,0
305,6,1,443301,4160,3970,190,1215,1041,174,451,377,74,26,12,14,13,13,0,672,586,86,0,0,0,0,0,0,53,53,0,415,341,74,73,73,0
306,6,1,443321,3340,2979,361,1156,488,668,238,120,118,6,0,6,0,0,0,825,336,489,0,0,0,50,0,50,37,32,5,224,106,118,83,33,50
307,6,1,443322,3204,3050,154,904,781,123,303,278,25,9,9,0,4,0,4,534,447,87,18,14,4,6,6,0,30,27,3,284,259,25,45,45,0
308,6,1,444100,7555,6664,891,2531,2150,381,1546,1389,157,50,50,0,6,0,6,686,485,201,0,0,0,170,153,17,73,73,0,1370,1213,157,374,357,17
309,6,1,444200,6728,5825,903,1897,1525,372,829,734,95,77,31,46,0,0,0,493,396,97,25,25,0,347,285,62,126,54,72,653,592,61,565,441,124
310,6,1,444301,4177,3121,1056,1172,881,291,577,510,67,19,10,9,0,0,0,358,245,113,37,16,21,172,91,81,9,9,0,500,440,60,271,168,103
311,6,1,444302,4518,2958,1560,1254,747,507,403,247,156,61,45,16,8,8,0,349,282,67,0,0,0,400,140,260,33,25,8,341,202,139,483,201,282
312,6,1,444400,5057,3844,1213,1549,904,645,507,355,152,71,20,51,14,14,0,389,247,142,0,0,0,474,218,256,94,50,44,410,298,112,599,289,310
313,6,1,444500,6848,5004,1844,2038,829,1209,743,372,371,264,26,238,0,0,0,598,359,239,29,22,7,383,44,339,21,6,15,566,307,259,560,109,451
314,6,1,444601,5365,4571,794,1526,1301,225,708,625,83,86,71,15,19,19,0,416,343,73,12,12,0,196,180,16,89,51,38,608,559,49,347,259,88
315,6,1,444602,4363,3882,481,1555,1118,437,515,382,133,125,65,60,9,9,0,790,574,216,0,0,0,40,28,12,76,60,16,487,366,121,116,92,24
316,6,1,450101,4752,4301,451,1860,633,1227,806,226,580,145,26,119,21,0,21,753,365,388,6,6,0,8,0,8,121,10,111,762,214,548,52,12,40
317,6,1,450102,4173,3994,179,1360,829,531,572,261,311,7,0,7,25,14,11,601,480,121,0,0,0,71,37,34,84,37,47,463,233,230,133,28,105
318,6,1,450200,5903,5305,598,2446,843,1603,1422,574,848,143,31,112,0,0,0,714,197,517,5,0,5,21,0,21,141,41,100,1238,540,698,213,34,179
319,6,1,450300,5081,4515,566,1749,1263,486,1287,999,288,55,22,33,11,0,11,322,208,114,0,0,0,29,15,14,45,19,26,1144,917,227,172,97,75
320,6,1,450400,6154,4749,1405,2087,1648,439,1598,1250,348,0,0,0,34,0,34,429,385,44,0,0,0,0,0,0,26,13,13,1434,1106,328,164,144,20
321,6,1,450501,3426,3038,388,1307,929,378,904,679,225,93,46,47,0,0,0,260,187,73,0,0,0,8,8,0,42,9,33,840,665,175,97,22,75
322,6,1,450502,5460,5260,200,1803,1594,209,1295,1184,111,27,12,15,7,7,0,402,371,31,0,0,0,0,0,0,72,20,52,1250,1150,100,54,34,20
323,6,1,450601,3645,3336,309,1351,1171,180,914,794,120,14,14,0,0,0,0,342,303,39,0,0,0,26,26,0,55,34,21,824,733,91,116,87,29
324,6,1,450602,9767,8890,877,3349,2379,970,2444,1766,678,52,12,40,8,0,8,777,572,205,0,0,0,0,0,0,68,29,39,2212,1636,576,243,130,113
325,6,1,450603,5049,4392,657,1630,1337,293,1152,928,224,9,9,0,0,0,0,377,314,63,0,0,0,52,46,6,40,40,0,1101,877,224,114,108,6
326,6,1,450604,5397,4772,625,1801,1375,426,1394,1150,244,0,0,0,5,0,5,354,200,154,0,0,0,12,0,12,36,25,11,1247,1059,188,159,91,68
327,6,1,450605,3992,3731,261,1490,1180,310,1190,1012,178,15,15,0,2,2,0,237,140,97,0,0,0,10,0,10,36,11,25,1046,905,141,163,116,47
328,6,1,450606,6092,5864,228,2059,1755,304,1440,1192,248,8,8,0,4,0,4,456,413,43,0,0,0,19,10,9,132,132,0,1408,1172,236,66,45,21
329,6,1,450607,5239,4140,1099,2290,849,1441,1669,569,1100,48,20,28,0,0,0,461,237,224,0,0,0,75,23,52,37,0,37,1430,537,893,256,38,218
330,6,1,450701,8738,8128,610,2892,2384,508,1927,1558,369,23,0,23,10,10,0,785,669,116,0,0,0,44,44,0,103,103,0,1889,1523,366,99,96,3
331,6,1,450741,4972,4116,856,1924,1163,761,1430,936,494,103,0,103,8,8,0,312,203,109,0,0,0,51,16,35,20,0,20,1136,828,308,345,124,221
332,6,1,450742,4800,4521,279,1868,1489,379,1446,1176,270,21,12,9,0,0,0,382,282,100,0,0,0,9,9,0,10,10,0,1277,1112,165,169,64,105
333,6,1,450743,6112,5477,635,2103,716,1387,886,274,612,87,21,66,9,0,9,1042,410,632,32,3,29,0,0,0,47,8,39,812,264,548,85,10,75
334,6,1,450744,5348,4833,515,1701,1214,487,1126,845,281,38,19,19,23,14,9,427,301,126,21,7,14,33,5,28,33,23,10,1077,810,267,98,47,51
335,6,1,450745,6238,5910,328,2209,1545,664,1092,754,338,31,5,26,6,0,6,919,724,195,37,0,37,13,0,13,111,62,49,944,660,284,187,94,93
336,6,1,450746,3499,3158,341,1336,1017,319,1049,758,291,0,0,0,0,0,0,234,222,12,7,0,7,0,0,0,46,37,9,925,634,291,124,124,0
337,6,1,450750,4511,3746,765,2028,932,1096,1169,487,682,139,16,123,0,0,0,546,381,165,45,0,45,52,40,12,77,8,69,988,440,548,249,95,154
338,6,1,450751,7249,7023,226,2227,1966,261,630,507,123,41,19,22,0,0,0,1462,1386,76,9,9,0,0,0,0,85,45,40,567,444,123,68,68,0
339,6,1,450752,5661,5194,467,1610,1399,211,543,386,157,98,98,0,7,7,0,876,870,6,9,9,0,9,0,9,68,29,39,479,356,123,73,30,43
340,6,1,451101,7235,6674,561,2455,2052,403,1917,1573,344,63,35,28,8,8,0,328,314,14,11,11,0,45,41,4,83,70,13,1711,1400,311,250,213,37
341,6,1,451102,4093,3822,271,1393,1358,35,1242,1207,35,10,10,0,5,5,0,114,114,0,11,11,0,11,11,0,0,0,0,1164,1144,20,89,74,15
342,6,1,451201,7134,5684,1450,2608,1839,769,2060,1486,574,16,16,0,0,0,0,309,210,99,0,0,0,83,20,63,140,107,33,1836,1322,514,335,195,140
343,6,1,451202,4296,3821,475,1515,1371,144,1222,1118,104,0,0,0,0,0,0,199,186,13,0,0,0,67,40,27,27,27,0,1049,945,104,250,223,27
344,6,1,451300,7065,6201,864,2351,1830,521,2001,1598,403,32,0,32,0,0,0,188,131,57,0,0,0,91,62,29,39,39,0,1738,1408,330,375,273,102
345,6,1,451401,6142,4945,1197,2397,1392,1005,2046,1158,888,39,16,23,7,7,0,199,136,63,0,0,0,41,21,20,65,54,11,1818,1109,709,294,84,210
346,6,1,451403,2343,2025,318,770,620,150,666,548,118,7,7,0,0,0,0,56,37,19,0,0,0,13,8,5,28,20,8,563,464,99,127,103,24
347,6,1,451404,6235,3652,2583,2033,829,1204,1629,718,911,26,26,0,0,0,0,157,48,109,0,0,0,159,28,131,62,9,53,1076,580,496,738,175,563
348,6,1,451501,4759,4101,658,1773,1141,632,1530,1005,525,5,5,0,0,0,0,157,80,77,0,0,0,41,11,30,40,40,0,1391,963,428,189,62,127
349,6,1,451503,5887,4835,1052,2129,1498,631,1912,1330,582,0,0,0,21,12,9,104,72,32,0,0,0,55,47,8,37,37,0,1666,1274,392,330,123,207
350,6,1,451504,1707,1534,173,623,434,189,469,340,129,11,0,11,0,0,0,84,55,29,8,0,8,16,16,0,35,23,12,439,330,109,42,22,20
351,6,1,451505,3289,3116,173,1189,1044,145,1094,949,145,0,0,0,0,0,0,58,58,0,0,0,0,0,0,0,37,37,0,949,860,89,168,112,56
352,6,1,451506,3507,2683,824,1115,508,607,886,430,456,14,0,14,0,0,0,88,64,24,22,0,22,40,14,26,65,0,65,642,387,255,299,57,242
353,6,1,451601,5157,4506,651,1979,1473,506,1660,1206,454,0,0,0,0,0,0,258,225,33,0,0,0,11,11,0,50,31,19,1573,1143,430,111,74,37
354,6,1,451602,6983,5758,1225,2891,1615,1276,2631,1432,1199,0,0,0,7,0,7,183,126,57,0,0,0,0,0,0,70,57,13,2289,1256,1033,342,176,166
355,6,1,451701,3013,2541,472,1047,791,256,898,645,253,8,8,0,0,0,0,75,75,0,0,0,0,24,24,0,42,39,3,792,590,202,130,79,51
356,6,1,451703,4568,4184,384,1371,1143,228,1099,924,175,10,10,0,4,4,0,188,143,45,0,0,0,0,0,0,70,62,8,974,809,165,166,156,10
357,6,1,451704,4647,4213,434,1711,1129,582,1546,1066,480,46,0,46,0,0,0,87,45,42,0,0,0,24,10,14,8,8,0,1358,968,390,212,108,104
358,6,1,981900,53,53,0,24,0,24,24,0,24,0,0,0,0,0,0,0,0,0,0,0,0,0,0,0,0,0,0,24,0,24,0,0,0
359,6,1,982000,58,58,0,29,22,7,18,11,7,0,0,0,0,0,0,7,7,0,0,0,0,0,0,0,4,4,0,18,11,7,4,4,0
360,6,1,983200,572,507,65,310,278,32,195,180,15,19,6,13,3,3,0,77,77,0,0,0,0,0,0,0,16,12,4,142,127,15,53,53,0
361,6,1,990000,0,0,0,0,0,0,0,0,0,0,0,0,0,0,0,0,0,0,0,0,0,0,0,0,0,0,0,0,0,0,0,0,0
362,6,13,301000,4823,3561,1262,1874,1530,344,1447,1192,255,142,142,0,10,10,0,66,59,7,0,0,0,96,44,52,113,83,30,1285,1145,140,279,112,167
363,6,13,302005,6616,3209,3407,2320,1414,906,1730,1149,581,123,13,110,28,0,28,76,34,42,37,37,0,262,142,120,64,39,25,1412,976,436,622,315,307
364,6,13,302006,4094,3534,560,1249,992,257,979,815,164,71,15,56,0,0,0,71,58,13,0,0,0,93,79,14,35,25,10,712,613,99,360,281,79
365,6,13,302007,6792,4797,1995,2022,1335,687,1379,1017,362,213,71,142,11,11,0,98,98,0,16,16,0,267,84,183,38,38,0,957,764,193,699,347,352
366,6,13,302008,8323,5489,2834,2172,1523,649,1454,1008,446,248,153,95,76,21,55,168,168,0,0,0,0,65,65,0,161,108,53,875,652,223,679,429,250
367,6,13,302009,7065,4819,2246,2017,1141,876,827,546,281,538,174,364,48,48,0,288,242,46,0,0,0,158,57,101,158,74,84,642,429,213,485,249,236
368,6,13,302010,11050,10124,926,3213,2828,385,2393,2075,318,212,156,56,17,17,0,228,228,0,0,0,0,189,189,0,174,163,11,2028,1726,302,687,643,44
369,6,13,303102,8875,6809,2066,2468,1834,634,1826,1361,465,228,212,16,0,0,0,242,153,89,0,0,0,119,91,28,53,17,36,1200,994,206,762,475,287
370,6,13,303103,11868,8113,3755,3594,2042,1552,2589,1598,991,344,44,300,62,43,19,154,124,30,0,0,0,347,183,164,98,50,48,1977,1256,721,1084,550,534
371,6,13,303201,11365,9089,2276,3060,2034,1026,1875,1354,521,463,262,201,0,0,0,284,223,61,90,38,52,124,64,60,224,93,131,1558,1137,421,473,281,192
372,6,13,303202,7100,5881,1219,2289,1714,575,1767,1344,423,154,132,22,0,0,0,107,103,4,0,0,0,141,80,61,120,55,65,1633,1248,385,308,187,121
373,6,13,303203,9387,8222,1165,2927,2049,878,2226,1682,544,256,83,173,0,0,0,275,212,63,0,0,0,34,11,23,136,61,75,1851,1465,386,472,272,200
374,6,13,303204,4668,3306,1362,1590,1127,463,1155,867,288,159,57,102,0,0,0,20,20,0,7,0,7,139,73,66,110,110,0,957,736,221,370,230,140
375,6,13,303205,8431,7243,1188,3282,2718,564,2928,2427,501,35,35,0,0,0,0,124,111,13,23,23,0,81,59,22,91,63,28,2398,2073,325,628,430,198
376,6,13,304001,4375,3661,714,1412,1102,310,1131,837,294,72,72,0,0,0,0,165,149,16,0,0,0,9,9,0,35,35,0,947,755,192,193,91,102
377,6,13,304002,1380,1009,371,451,301,150,437,300,137,0,0,0,0,0,0,0,0,0,0,0,0,14,1,13,0,0,0,297,231,66,154,70,84
378,6,13,304003,3857,3284,573,1503,1158,345,1318,1057,261,19,19,0,0,0,0,87,72,15,0,0,0,61,0,61,18,10,8,1214,990,224,165,67,98
379,6,13,304004,3812,3381,431,1595,1299,296,1424,1185,239,13,13,0,9,0,9,60,47,13,0,0,0,13,0,13,76,54,22,1331,1102,229,156,112,44
380,6,13,304005,7631,6520,1111,2198,1660,538,1809,1433,376,113,46,67,20,20,0,83,54,29,0,0,0,121,61,60,52,46,6,1554,1237,317,394,275,119
381,6,13,305000,6367,3329,3038,2272,557,1715,1177,383,794,529,0,529,95,13,82,66,47,19,0,0,0,359,78,281,46,36,10,839,294,545,741,167,574
382,6,13,306002,3018,1874,1144,1036,840,196,735,643,92,118,95,23,23,23,0,13,7,6,0,0,0,141,66,75,6,6,0,640,582,58,236,127,109
383,6,13,306003,5160,3006,2154,1695,960,735,996,545,451,278,87,191,0,0,0,76,15,61,16,16,0,291,282,9,38,15,23,803,446,357,523,410,113
384,6,13,306004,3362,2534,828,1202,668,534,743,521,222,305,57,248,8,0,8,28,19,9,0,0,0,63,52,11,55,19,36,605,434,171,207,128,79
385,6,13,307101,4544,3184,1360,1443,959,484,988,689,299,224,75,149,0,0,0,82,82,0,0,0,0,91,55,36,58,58,0,793,537,256,324,245,79
386,6,13,307102,5328,2027,3301,1688,749,939,1024,575,449,175,0,175,38,0,38,56,47,9,0,0,0,348,94,254,47,33,14,602,467,135,852,230,622
387,6,13,307201,3326,1747,1579,1114,587,527,661,400,261,68,0,68,0,0,0,71,45,26,0,0,0,166,79,87,148,63,85,416,273,143,464,241,223
388,6,13,307202,4334,1101,3233,1489,179,1310,510,120,390,523,37,486,10,0,10,93,7,86,28,0,28,248,15,233,77,0,77,312,102,210,489,33,456
389,6,13,307204,3921,2645,1276,1239,958,281,858,722,136,97,7,90,67,67,0,63,63,0,0,0,0,89,67,22,65,32,33,627,545,82,422,322,100
390,6,13,307205,6801,4001,2800,2493,1022,1471,1184,693,491,601,58,543,20,20,0,191,60,131,0,0,0,427,174,253,70,17,53,898,522,376,713,345,368
391,6,13,308001,6822,4634,2188,2431,1671,760,1716,1293,423,117,36,81,41,41,0,155,113,42,27,0,27,283,127,156,92,61,31,1437,1093,344,603,368,235
392,6,13,308002,4416,3850,566,1397,1156,241,744,650,94,211,154,57,15,15,0,279,250,29,0,0,0,70,62,8,78,25,53,560,493,67,269,217,52
393,6,13,309000,3447,2516,931,1251,659,592,491,312,179,494,202,292,7,0,7,138,82,56,0,0,0,40,28,12,81,35,46,359,241,118,236,113,123
394,6,13,310000,6437,3122,3315,1703,727,976,658,434,224,412,170,242,0,0,0,102,59,43,21,7,14,458,39,419,52,18,34,330,242,88,829,239,590
395,6,13,311000,5339,2802,2537,1484,769,715,459,296,163,442,210,232,6,6,0,210,132,78,6,0,6,257,85,172,104,40,64,239,185,54,512,220,292
396,6,13,312000,2313,1093,1220,781,262,519,211,79,132,359,86,273,0,0,0,78,26,52,0,0,0,81,54,27,52,17,35,92,29,63,225,109,116
397,6,13,313101,7006,3490,3516,2589,1250,1339,1087,739,348,422,141,281,32,0,32,338,137,201,55,0,55,379,153,226,276,80,196,722,464,258,824,412,412
398,6,13,313102,3935,2984,951,1472,802,670,608,350,258,445,209,236,21,11,10,149,128,21,27,0,27,136,87,49,86,17,69,400,254,146,378,194,184
399,6,13,313103,8208,6458,1750,2640,1693,947,1240,765,475,378,175,203,13,13,0,513,381,132,27,27,0,365,289,76,104,43,61,1028,599,429,649,512,137
400,6,13,313203,3197,2422,775,914,639,275,476,373,103,30,24,6,11,0,11,167,113,54,39,17,22,133,54,79,58,58,0,363,287,76,287,158,129
401,6,13,313204,5170,3352,1818,1708,970,738,848,504,344,254,138,116,6,6,0,210,167,43,0,0,0,313,108,205,77,47,30,639,412,227,553,219,334
402,6,13,313205,1777,1511,266,506,387,119,240,184,56,59,16,43,0,0,0,114,109,5,0,0,0,78,63,15,15,15,0,153,129,24,165,118,47
403,6,13,313206,5761,3134,2627,1592,827,765,573,304,269,360,163,197,25,5,20,210,87,123,0,0,0,360,210,150,64,58,6,224,172,52,725,352,373
404,6,13,314102,5564,3213,2351,1662,1155,507,677,519,158,136,63,73,15,12,3,210,161,49,19,0,19,460,313,147,145,87,58,422,351,71,736,499,237
405,6,13,314103,6154,2607,3547,1753,762,991,659,351,308,351,59,292,6,6,0,231,199,32,11,0,11,394,130,264,101,17,84,252,135,117,880,352,528
406,6,13,314104,7730,4242,3488,2447,1166,1281,1077,734,343,370,61,309,59,17,42,170,170,0,0,0,0,539,140,399,232,44,188,614,503,111,1212,426,786
407,6,13,314200,6937,3223,3714,1730,1077,653,956,718,238,79,69,10,0,0,0,59,35,24,23,0,23,563,228,335,50,27,23,437,396,41,1103,556,547
408,6,13,315000,3495,2659,836,1215,968,247,692,577,115,60,55,5,11,11,0,189,134,55,25,25,0,87,47,40,151,119,32,615,500,115,260,228,32
409,6,13,316000,881,411,470,465,54,411,418,54,364,20,0,20,17,0,17,0,0,0,0,0,0,4,0,4,6,0,6,366,54,312,73,0,73
410,6,13,317000,2425,1744,681,1074,372,702,875,326,549,35,0,35,32,0,32,39,13,26,0,0,0,44,27,17,49,6,43,848,316,532,103,37,66
411,6,13,318000,3361,2551,810,1475,772,703,1245,717,528,21,0,21,0,0,0,80,17,63,0,0,0,63,10,53,66,28,38,1154,672,482,183,55,128
412,6,13,319000,8100,6657,1443,3162,1933,1229,2684,1695,989,50,41,9,23,0,23,129,48,81,0,0,0,136,39,97,140,110,30,2315,1564,751,550,170,380
413,6,13,320001,4205,2485,1720,1254,809,445,945,655,290,32,8,24,0,0,0,21,21,0,82,15,67,114,62,52,60,48,12,729,553,176,364,198,166
414,6,13,320003,2825,2498,327,1064,919,145,845,717,128,17,17,0,0,0,0,142,133,9,0,0,0,23,23,0,37,29,8,803,675,128,97,89,8
415,6,13,320004,6562,5283,1279,2542,1703,839,2070,1437,633,41,0,41,0,0,0,203,169,34,16,0,16,71,0,71,141,97,44,1846,1314,532,327,136,191
416,6,13,321101,6959,5941,1018,2579,1630,949,2204,1383,821,63,47,16,0,0,0,159,108,51,0,0,0,42,31,11,111,61,50,1979,1309,670,283,105,178
417,6,13,321102,6827,6157,670,2675,2277,398,2158,1913,245,0,0,0,16,16,0,285,241,44,0,0,0,105,14,91,111,93,18,1975,1730,245,304,213,91
418,6,13,321103,4325,4195,130,1783,1543,240,1609,1447,162,0,0,0,14,5,9,98,64,34,0,0,0,12,12,0,50,15,35,1533,1371,162,111,88,23
419,6,13,321200,5417,4020,1397,2179,866,1313,1420,734,686,104,7,97,10,10,0,480,79,401,20,0,20,95,36,59,50,0,50,1335,694,641,236,86,150
420,6,13,322000,6103,5040,1063,2456,1742,714,2028,1492,536,13,13,0,50,0,50,179,146,33,0,0,0,18,0,18,168,91,77,1801,1353,448,254,139,115
421,6,13,323000,4684,4316,368,1714,1346,368,1489,1138,351,9,9,0,0,0,0,116,116,0,60,60,0,24,15,9,16,8,8,1362,1089,273,159,72,87
422,6,13,324001,5451,4113,1338,2994,550,2444,2149,386,1763,158,17,141,0,0,0,525,126,399,0,0,0,59,0,59,103,21,82,1942,369,1573,245,17,228
423,6,13,324002,5186,4420,766,2420,862,1558,1785,593,1192,113,0,113,0,0,0,253,171,82,0,0,0,142,49,93,127,49,78,1544,558,986,406,107,299
424,6,13,325000,5583,4719,864,2161,1436,725,1910,1326,584,0,0,0,0,0,0,141,70,71,0,0,0,44,0,44,66,40,26,1813,1247,566,182,94,88
425,6,13,326000,3461,3153,308,1345,1067,278,1202,963,239,23,0,23,0,0,0,73,57,16,20,20,0,11,11,0,16,16,0,1110,879,231,103,95,8
426,6,13,327000,7738,5118,2620,2837,1752,1085,2325,1508,817,0,0,0,18,18,0,169,121,48,0,0,0,143,38,105,182,67,115,1727,1217,510,820,381,439
427,6,13,328000,2434,1218,1216,1455,80,1375,893,45,848,121,0,121,0,0,0,282,35,247,0,0,0,18,0,18,141,0,141,743,45,698,219,0,219
428,6,13,329000,6633,5183,1450,2162,1575,587,1598,1280,318,44,15,29,0,0,0,191,133,58,0,0,0,191,100,91,138,47,91,1337,1065,272,487,334,153
429,6,13,330000,5708,4246,1462,1878,1307,571,1393,1002,391,23,0,23,22,0,22,289,222,67,0,0,0,87,61,26,64,22,42,1123,825,298,394,266,128
430,6,13,331000,7486,4595,2891,2792,1602,1190,1929,1170,759,178,84,94,15,0,15,260,165,95,60,60,0,232,74,158,118,49,69,1704,1090,614,489,171,318
431,6,13,332000,8200,6552,1648,2899,2173,726,2381,1827,554,0,0,0,11,11,0,250,209,41,0,0,0,147,65,82,110,61,49,2037,1562,475,512,341,171
432,6,13,333101,4351,3111,1240,1512,991,521,1216,854,362,40,0,40,0,0,0,143,67,76,0,0,0,70,44,26,43,26,17,1035,768,267,273,144,129
433,6,13,333102,3954,3345,609,1508,1101,407,1098,850,248,69,38,31,0,0,0,213,126,87,0,0,0,55,43,12,73,44,29,937,723,214,244,198,46
434,6,13,333200,5352,4304,1048,2256,1540,716,1971,1385,586,0,0,0,0,0,0,86,59,27,0,0,0,143,73,70,56,23,33,1671,1195,476,443,263,180
435,6,13,334001,3850,3094,756,1549,826,723,1264,725,539,50,0,50,0,0,0,177,87,90,0,0,0,28,0,28,30,14,16,1130,621,509,162,104,58
436,6,13,334004,7482,5303,2179,3101,1541,1560,2229,1164,1065,178,57,121,52,42,10,360,228,132,0,0,0,70,16,54,212,34,178,1894,1066,828,405,114,291
437,6,13,334006,4815,4525,290,1676,1384,292,1223,984,239,50,27,23,7,7,0,301,282,19,0,0,0,40,40,0,55,44,11,1081,853,228,189,178,11
438,6,13,334200,7650,7133,517,2781,2145,636,2487,1866,621,41,41,0,0,0,0,200,200,0,0,0,0,38,38,0,15,0,15,2349,1763,586,156,121,35
439,6,13,335000,3442,2489,953,1236,791,445,936,602,334,36,13,23,0,0,0,92,85,7,0,0,0,84,64,20,88,27,61,712,478,234,323,188,135
440,6,13,336101,5306,2357,2949,1506,212,1294,871,149,722,140,17,123,0,0,0,200,9,191,22,0,22,217,15,202,56,22,34,405,96,309,683,68,615
441,6,13,336102,7651,2851,4800,2629,278,2351,1178,202,976,411,0,411,45,0,45,349,33,316,0,0,0,491,16,475,155,27,128,642,155,487,1126,90,1036
442,6,13,336201,3927,2293,1634,1198,700,498,781,501,280,11,11,0,0,0,0,177,105,72,0,0,0,177,68,109,52,15,37,535,379,156,423,190,233
443,6,13,336202,6010,1772,4238,1696,217,1479,1069,148,921,33,0,33,13,0,13,112,45,67,51,0,51,339,16,323,79,8,71,415,123,292,1005,41,964
444,6,13,337100,3523,2935,588,1244,967,277,928,734,194,48,40,8,0,0,0,173,138,35,0,0,0,54,14,40,41,41,0,845,714,131,157,54,103
445,6,13,337200,7855,5922,1933,3023,1558,1465,2307,1149,1158,54,14,40,0,0,0,435,308,127,0,0,0,84,39,45,143,48,95,1693,911,782,698,277,421
446,6,13,337300,5868,5288,580,2279,1899,380,1867,1583,284,47,29,18,38,38,0,265,204,61,0,0,0,13,13,0,49,32,17,1742,1458,284,193,176,17
447,6,13,338101,4745,2890,1855,1755,922,833,1035,612,423,179,61,118,11,11,0,188,131,57,0,0,0,302,96,206,40,11,29,750,446,304,607,268,339
448,6,13,338102,3603,3035,568,1373,1216,157,1079,945,134,0,0,0,0,0,0,91,91,0,23,23,0,21,21,0,159,136,23,910,802,108,227,189,38
449,6,13,338201,3596,3182,414,1398,1200,198,1197,1031,166,14,5,9,4,4,0,183,160,23,0,0,0,0,0,0,0,0,0,1139,973,166,58,58,0
450,6,13,338203,5189,4533,656,2663,1065,1598,1900,809,1091,39,0,39,0,0,0,496,204,292,0,0,0,48,0,48,180,52,128,1730,723,1007,218,86,132
451,6,13,338204,6199,5619,580,2692,1464,1228,2158,1141,1017,34,12,22,12,0,12,415,255,160,0,0,0,0,0,0,73,56,17,2044,1104,940,124,47,77
452,6,13,338301,2862,2467,395,1071,930,141,910,769,141,12,12,0,0,0,0,144,144,0,0,0,0,0,0,0,5,5,0,828,722,106,82,47,35
453,6,13,338302,6168,5665,503,2119,1828,291,1780,1582,198,0,0,0,0,0,0,295,246,49,0,0,0,0,0,0,44,0,44,1672,1474,198,123,108,15
454,6,13,339001,3243,2445,798,1821,100,1721,1305,69,1236,87,0,87,25,0,25,271,22,249,9,0,9,74,0,74,50,9,41,1129,55,1074,293,23,270
455,6,13,339002,6966,4961,2005,3530,778,2752,2702,596,2106,30,0,30,5,0,5,613,182,431,0,0,0,12,0,12,168,0,168,2405,564,1841,309,32,277
456,6,13,340001,5860,4264,1596,2389,1352,1037,2035,1183,852,55,0,55,0,0,0,272,156,116,14,0,14,13,13,0,0,0,0,1906,1100,806,142,96,46
457,6,13,340002,7449,6644,805,2936,2247,689,2510,1900,610,0,0,0,10,0,10,271,256,15,0,0,0,51,32,19,94,59,35,2313,1745,568,240,179,61
458,6,13,341000,5531,4925,606,2108,1324,784,1844,1257,587,0,0,0,0,0,0,191,67,124,0,0,0,20,0,20,53,0,53,1709,1158,551,155,99,56
459,6,13,343001,4802,3962,840,2094,960,1134,1877,899,978,30,0,30,0,0,0,131,53,78,0,0,0,48,0,48,8,8,0,1731,863,868,194,36,158
460,6,13,343002,4647,4220,427,1894,1281,613,1720,1125,595,0,0,0,0,0,0,142,124,18,0,0,0,0,0,0,32,32,0,1527,1102,425,209,39,170
461,6,13,343003,3905,3539,366,1486,1244,242,1267,1058,209,11,11,0,0,0,0,156,140,16,0,0,0,17,0,17,35,35,0,1228,1031,197,68,39,29
462,6,13,345101,5785,5302,483,1851,1335,516,1301,966,335,34,34,0,5,5,0,424,264,160,0,0,0,64,43,21,23,23,0,1167,850,317,221,182,39
463,6,13,345102,3698,3240,458,1217,1075,142,985,866,119,0,0,0,0,0,0,175,166,9,0,0,0,22,22,0,35,21,14,886,798,88,121,90,31
464,6,13,345103,4825,4294,531,1764,1453,311,1352,1066,286,26,26,0,5,5,0,309,284,25,0,0,0,10,10,0,62,62,0,1245,974,271,129,114,15
465,6,13,345105,6620,6072,548,2246,1817,429,2000,1602,398,0,0,0,11,11,0,182,155,27,0,0,0,0,0,0,53,49,4,1877,1494,383,123,108,15
466,6,13,345108,7480,7132,348,3132,2347,785,2041,1550,491,118,35,83,21,21,0,821,642,179,0,0,0,29,29,0,102,70,32,1990,1499,491,101,101,0
467,6,13,345111,5083,4617,466,1865,1025,840,903,609,294,29,0,29,18,18,0,866,375,491,0,0,0,36,10,26,13,13,0,826,585,241,126,47,79
468,6,13,345112,5896,5691,205,2078,1031,1047,1258,609,649,21,21,0,0,0,0,721,366,355,0,0,0,30,21,9,48,14,34,998,609,389,305,21,284
469,6,13,345113,4298,4182,116,1447,1319,128,1097,981,116,47,47,0,0,0,0,297,285,12,0,0,0,0,0,0,6,6,0,1042,926,116,55,55,0
470,6,13,345114,6518,6154,364,2556,2305,251,2324,2089,235,16,16,0,0,0,0,208,192,16,0,0,0,0,0,0,8,8,0,2250,2015,235,74,74,0
471,6,13,345115,5990,5674,316,1895,1426,469,1204,958,246,5,0,5,25,0,25,577,450,127,0,0,0,11,0,11,73,18,55,1103,891,212,112,67,45
472,6,13,345116,2841,2664,177,898,755,143,641,547,94,4,4,0,0,0,0,186,156,30,0,0,0,26,26,0,41,22,19,584,507,77,68,51,17
473,6,13,345202,7835,7335,500,3119,1761,1358,2147,1224,923,163,97,66,11,11,0,697,378,319,0,0,0,0,0,0,101,51,50,2048,1158,890,167,121,46
474,6,13,345203,6761,6375,386,2656,1920,736,2389,1748,641,65,65,0,0,0,0,165,70,95,0,0,0,0,0,0,37,37,0,2255,1672,583,164,106,58
475,6,13,345204,3933,3742,191,1252,1169,83,1202,1119,83,0,0,0,0,0,0,43,43,0,0,0,0,0,0,0,7,7,0,1135,1052,83,75,75,0
476,6,13,346101,3444,3295,149,1301,1156,145,1081,981,100,0,0,0,0,0,0,196,160,36,0,0,0,0,0,0,24,15,9,1024,924,100,57,57,0
477,6,13,346102,5774,5444,330,1998,1827,171,1714,1590,124,9,9,0,0,0,0,201,187,14,9,9,0,33,0,33,32,32,0,1635,1511,124,112,79,33
478,6,13,346201,7283,6628,655,2751,2510,241,2566,2325,241,0,0,0,0,0,0,164,164,0,0,0,0,0,0,0,21,21,0,2478,2255,223,88,70,18
479,6,13,346203,3822,3499,323,1377,1303,74,1234,1160,74,0,0,0,0,0,0,126,126,0,0,0,0,0,0,0,17,17,0,1218,1144,74,16,16,0
480,6,13,346204,7411,7230,181,2520,2256,264,2132,1884,248,0,0,0,0,0,0,375,359,16,0,0,0,0,0,0,13,13,0,2001,1770,231,131,114,17
481,6,13,347000,6152,5778,374,2382,2036,346,1880,1697,183,46,46,0,0,0,0,356,204,152,0,0,0,29,18,11,71,71,0,1810,1678,132,107,45,62
482,6,13,348000,4846,4620,226,1668,1433,235,1423,1197,226,9,9,0,0,0,0,169,160,9,0,0,0,0,0,0,67,67,0,1373,1166,207,50,31,19
483,6,13,349000,5465,4228,1237,2041,1168,873,1637,1050,587,53,9,44,6,0,6,206,91,115,0,0,0,35,0,35,104,18,86,1511,1008,503,208,42,166
484,6,13,350000,6459,5364,1095,2591,1418,1173,2122,1183,939,46,46,0,0,0,0,294,174,120,0,0,0,12,0,12,117,15,102,1939,1155,784,195,28,167
485,6,13,351101,2600,2116,484,1926,1769,157,1731,1598,133,17,17,0,0,0,0,143,119,24,9,9,0,9,9,0,17,17,0,1695,1562,133,45,45,0
486,6,13,351102,3568,2778,790,2697,2374,323,2475,2216,259,0,0,0,0,0,0,178,114,64,0,0,0,30,30,0,14,14,0,2364,2123,241,141,123,18
487,6,13,351103,1875,1508,367,1276,1215,61,1180,1119,61,0,0,0,7,7,0,73,73,0,0,0,0,8,8,0,8,8,0,1153,1103,50,35,24,11
488,6,13,351200,5959,5651,308,2132,2037,95,1811,1716,95,0,0,0,0,0,0,240,240,0,0,0,0,20,20,0,61,61,0,1737,1642,95,94,94,0
489,6,13,352101,2082,1916,166,797,726,71,654,599,55,10,5,5,0,0,0,119,114,5,0,0,0,4,4,0,10,4,6,618,563,55,40,40,0
490,6,13,352102,5071,4826,245,1788,1661,127,1497,1383,114,0,0,0,0,0,0,244,231,13,0,0,0,0,0,0,47,47,0,1433,1328,105,64,55,9
491,6,13,352201,6224,5392,832,2342,1708,634,1864,1393,471,0,0,0,0,0,0,426,299,127,0,0,0,16,16,0,36,0,36,1744,1292,452,120,101,19
492,6,13,352202,2466,2297,169,1032,811,221,839,671,168,0,0,0,0,0,0,170,131,39,8,0,8,0,0,0,15,9,6,794,636,158,45,35,10
493,6,13,353001,3697,3461,236,1317,1221,96,1130,1054,76,21,21,0,0,0,0,143,123,20,0,0,0,0,0,0,23,23,0,1124,1048,76,6,6,0
494,6,13,353002,4416,4189,227,1533,1394,139,1321,1191,130,28,19,9,0,0,0,153,153,0,0,0,0,31,31,0,0,0,0,1284,1175,109,68,47,21
495,6,13,354001,2064,1968,96,731,677,54,617,567,50,0,0,0,5,5,0,89,89,0,4,0,4,0,0,0,16,16,0,603,553,50,14,14,0
496,6,13,354002,6537,6200,337,2595,2088,507,2078,1750,328,32,14,18,0,0,0,374,213,161,0,0,0,58,58,0,53,53,0,1954,1675,279,154,105,49
497,6,13,355107,4994,4225,769,1704,1393,311,1107,968,139,235,121,114,0,0,0,165,165,0,0,0,0,140,93,47,57,46,11,879,788,91,376,281,95
498,6,13,355108,13856,10753,3103,3725,2762,963,1415,1174,241,920,533,387,55,0,55,736,631,105,58,58,0,319,217,102,222,149,73,1143,944,199,591,447,144
499,6,13,355109,7186,5737,1449,2218,1887,331,1250,1101,149,455,386,69,0,0,0,203,203,0,11,11,0,167,62,105,132,124,8,1070,921,149,373,268,105
500,6,13,355110,4081,3239,842,1112,749,363,590,404,186,206,115,91,7,7,0,182,139,43,0,0,0,58,25,33,69,59,10,354,265,89,302,172,130
501,6,13,355111,6399,5130,1269,1923,1421,502,806,637,169,477,221,256,0,0,0,287,265,22,0,0,0,232,192,40,121,106,15,648,523,125,469,362,107
502,6,13,355112,5217,4423,794,2094,1901,193,1743,1606,137,6,6,0,0,0,0,284,268,16,0,0,0,21,21,0,40,0,40,1623,1486,137,120,120,0
503,6,13,355113,4980,4656,324,1707,1528,179,1189,1054,135,74,65,9,0,0,0,418,383,35,0,0,0,0,0,0,26,26,0,1136,1001,135,53,53,0
504,6,13,355114,11316,10278,1038,3461,2860,601,1768,1378,390,57,39,18,0,0,0,1499,1345,154,0,0,0,87,48,39,50,50,0,1635,1245,390,254,215,39
505,6,13,355115,7330,6177,1153,2514,1073,1441,894,190,704,205,57,148,0,0,0,1196,799,397,30,0,30,52,27,25,137,0,137,762,161,601,215,63,152
506,6,13,355116,7865,7510,355,2167,1768,399,657,502,155,20,20,0,5,5,0,1365,1174,191,0,0,0,14,14,0,106,53,53,561,440,121,110,76,34
507,6,13,355117,7278,6934,344,1902,1647,255,382,277,105,21,21,0,7,7,0,1405,1300,105,35,0,35,10,0,10,42,42,0,356,251,105,26,26,0
508,6,13,355200,10116,9158,958,2692,1545,1147,886,417,469,463,137,326,0,0,0,953,800,153,0,0,0,302,145,157,88,46,42,762,364,398,515,240,275
509,6,13,355301,8070,7046,1024,2870,2433,437,2216,1934,282,96,18,78,13,13,0,249,249,0,20,20,0,99,52,47,177,147,30,2032,1819,213,312,243,69
510,6,13,355302,3464,3275,189,1198,1088,110,913,803,110,6,6,0,0,0,0,248,248,0,0,0,0,0,0,0,31,31,0,851,772,79,75,44,31
511,6,13,355304,8216,7498,718,3165,2824,341,2691,2396,295,38,0,38,35,35,0,293,293,0,0,0,0,42,42,0,66,58,8,2551,2305,246,220,133,87
512,6,13,355306,5228,4877,351,1826,1630,196,1669,1483,186,0,0,0,8,8,0,85,75,10,0,0,0,29,29,0,35,35,0,1598,1412,186,108,108,0
513,6,13,356001,4375,3192,1183,1240,1026,214,582,499,83,186,98,88,40,40,0,333,306,27,0,0,0,51,51,0,48,32,16,402,324,78,240,235,5
514,6,13,356002,5241,4804,437,1892,1554,338,820,678,142,332,266,66,24,24,0,537,442,95,0,0,0,38,27,11,141,117,24,784,650,134,108,81,27
515,6,13,357000,3149,2593,556,1482,670,812,1254,613,641,43,23,20,0,0,0,11,0,11,0,0,0,74,27,47,100,7,93,1084,561,523,250,79,171
516,6,13,358000,5874,4094,1780,2073,1061,1012,1178,680,498,319,127,192,8,0,8,255,147,108,0,0,0,125,67,58,188,40,148,794,568,226,499,179,320
517,6,13,359102,5809,4528,1281,1892,1264,628,1096,745,351,144,90,54,44,7,37,452,305,147,0,0,0,23,23,0,133,94,39,750,513,237,447,303,144
518,6,13,359103,4907,3766,1141,1984,1173,811,1118,792,326,280,56,224,0,0,0,361,258,103,0,0,0,51,15,36,174,52,122,886,675,211,299,132,167
519,6,13,359104,1974,1718,256,889,634,255,310,237,73,186,108,78,5,5,0,299,201,98,0,0,0,37,37,0,52,46,6,265,198,67,87,81,6
520,6,13,359105,4726,4195,531,1522,1259,263,465,404,61,342,249,93,5,5,0,582,497,85,7,7,0,46,34,12,75,63,12,354,302,52,178,157,21
521,6,13,359202,5958,5145,813,2210,1792,418,1449,1278,171,178,89,89,8,8,0,290,241,49,0,0,0,97,18,79,188,158,30,1286,1115,171,333,242,91
522,6,13,359203,7025,6068,957,2291,1795,496,827,661,166,436,263,173,0,0,0,877,783,94,0,0,0,111,80,31,40,8,32,606,509,97,332,232,100
523,6,13,359204,4814,4386,428,1487,1284,203,351,305,46,256,192,64,6,6,0,696,636,60,0,0,0,35,29,6,143,116,27,277,241,36,133,117,16
524,6,13,360101,4898,3358,1540,1654,1308,346,930,732,198,146,146,0,0,0,0,410,323,87,0,0,0,92,40,52,76,67,9,826,677,149,198,97,101
525,6,13,360102,4103,3778,325,1489,1296,193,866,727,139,108,83,25,0,0,0,340,340,0,0,0,0,55,55,0,120,91,29,693,629,64,267,174,93
526,6,13,360200,4714,3550,1164,1744,1011,733,993,603,390,255,154,101,9,9,0,286,186,100,0,0,0,32,13,19,169,46,123,750,536,214,350,95,255
527,6,13,361000,4667,3394,1273,1739,1037,702,1042,704,338,215,119,96,0,0,0,276,152,124,31,13,18,73,0,73,102,49,53,776,542,234,335,174,161
528,6,13,362000,2957,2178,779,1213,945,268,826,629,197,92,80,12,0,0,0,134,134,0,7,7,0,93,58,35,61,37,24,749,573,176,161,105,56
529,6,13,363000,7326,5555,1771,2729,1847,882,1433,1019,414,626,343,283,0,0,0,458,394,64,0,0,0,120,69,51,92,22,70,1098,813,285,528,307,221
530,6,13,364002,5490,3665,1825,1810,1130,680,875,678,197,317,76,241,15,9,6,272,190,82,0,0,0,154,98,56,177,79,98,637,481,156,418,307,111
531,6,13,365002,6200,2613,3587,1574,548,1026,634,167,467,448,130,318,8,8,0,164,111,53,0,0,0,243,132,111,77,0,77,97,35,62,809,272,537
532,6,13,365003,5001,4069,932,2248,470,1778,805,100,705,788,208,580,0,0,0,318,162,156,0,0,0,77,0,77,260,0,260,504,59,445,446,41,405
533,6,13,366001,4470,2587,1883,1324,779,545,622,266,356,168,128,40,19,19,0,306,261,45,0,0,0,126,74,52,83,31,52,181,112,69,582,239,343
534,6,13,366002,6319,3566,2753,1685,606,1079,800,331,469,277,79,198,7,0,7,295,116,179,22,10,12,208,43,165,76,27,49,143,114,29,880,260,620
535,6,13,367100,4949,3536,1413,1944,1077,867,544,341,203,896,514,382,0,0,0,266,139,127,0,0,0,135,67,68,103,16,87,210,110,100,483,312,171
536,6,13,367200,5352,2902,2450,1737,772,965,744,294,450,333,146,187,0,0,0,363,242,121,14,0,14,182,62,120,101,28,73,352,190,162,627,166,461
537,6,13,368001,5143,2132,3011,1320,555,765,792,220,572,113,46,67,36,36,0,73,64,9,0,0,0,285,168,117,21,21,0,81,39,42,1055,385,670
538,6,13,368002,3362,1562,1800,948,362,586,474,207,267,104,23,81,11,0,11,91,51,40,10,0,10,237,81,156,21,0,21,149,84,65,569,204,365
539,6,13,369001,7043,2925,4118,2426,662,1764,973,294,679,547,94,453,0,0,0,556,207,349,0,0,0,288,56,232,62,11,51,477,261,216,783,89,694
540,6,13,369002,2332,1411,921,980,518,462,590,343,247,202,53,149,18,0,18,92,79,13,0,0,0,61,33,28,17,10,7,340,248,92,298,122,176
541,6,13,370000,2850,2409,441,1112,767,345,662,500,162,165,94,71,0,0,0,228,151,77,0,0,0,25,5,20,32,17,15,587,472,115,108,41,67
542,6,13,371000,6130,4023,2107,1965,1013,952,903,563,340,390,182,208,5,5,0,275,199,76,5,5,0,308,59,249,79,0,79,677,443,234,537,179,358
543,6,13,372000,7615,3494,4121,2235,1490,745,1308,799,509,177,91,86,0,0,0,320,303,17,0,0,0,339,243,96,91,54,37,649,515,134,1014,543,471
544,6,13,373000,4063,2368,1695,1112,688,424,482,321,161,219,117,102,30,0,30,154,107,47,0,0,0,206,137,69,21,6,15,63,52,11,655,429,226
545,6,13,374000,4246,2332,1914,1702,663,1039,684,404,280,500,72,428,10,10,0,142,111,31,0,0,0,270,31,239,96,35,61,468,305,163,480,148,332
546,6,13,375000,4753,2084,2669,1139,393,746,494,194,300,129,28,101,13,0,13,41,35,6,0,0,0,402,113,289,60,23,37,122,78,44,745,254,491
547,6,13,376000,5537,2402,3135,1757,534,1223,588,151,437,625,166,459,0,0,0,124,17,107,15,0,15,362,166,196,43,34,9,131,11,120,824,311,513
548,6,13,377000,6748,2627,4121,2177,740,1437,1004,421,583,565,90,475,0,0,0,157,79,78,9,0,9,401,109,292,41,41,0,354,245,109,1064,298,766
549,6,13,378000,3105,2552,553,1699,992,707,1344,780,564,76,20,56,0,0,0,115,108,7,0,0,0,26,11,15,138,73,65,1214,713,501,164,86,78
550,6,13,379000,6522,2932,3590,1893,661,1232,372,37,335,852,377,475,0,0,0,24,0,24,0,0,0,558,214,344,87,33,54,49,13,36,891,238,653
551,6,13,380000,6569,4751,1818,2878,1434,1444,1327,688,639,732,359,373,10,0,10,496,314,182,28,12,16,235,61,174,50,0,50,1148,618,530,334,131,203
552,6,13,381000,6968,3172,3796,2028,748,1280,566,249,317,852,346,506,0,0,0,75,31,44,0,0,0,448,97,351,87,25,62,186,86,100,831,268,563
553,6,13,382000,7447,3572,3875,2724,959,1765,336,120,216,1517,595,922,0,0,0,400,196,204,62,15,47,326,33,293,83,0,83,189,99,90,571,70,501
554,6,13,383000,4830,3655,1175,1949,1102,847,968,643,325,247,77,170,8,8,0,486,340,146,0,0,0,50,0,50,190,34,156,906,618,288,149,25,124
555,6,13,384000,3888,3287,601,1626,1371,255,1068,893,175,86,48,38,10,10,0,314,314,0,12,12,0,33,0,33,103,94,9,979,838,141,122,55,67
556,6,13,385100,2941,2553,388,1121,996,125,793,674,119,31,31,0,7,7,0,253,253,0,0,0,0,0,0,0,37,31,6,741,642,99,76,56,20
557,6,13,385200,1175,999,176,527,407,120,328,264,64,20,20,0,6,0,6,162,123,39,0,0,0,11,0,11,0,0,0,312,259,53,27,5,22
558,6,13,386000,3612,2458,1154,1475,465,1010,624,208,416,212,61,151,8,8,0,438,188,250,16,0,16,123,0,123,54,0,54,555,208,347,207,8,199
559,6,13,387000,2758,2012,746,1078,522,556,671,325,346,86,33,53,14,0,14,254,132,122,0,0,0,24,24,0,29,8,21,645,325,320,59,24,35
560,6,13,388000,2769,2133,636,1090,543,547,724,414,310,31,21,10,0,0,0,299,108,191,0,0,0,0,0,0,36,0,36,623,364,259,118,50,68
561,6,13,389100,2016,1714,302,859,338,521,559,218,341,35,19,16,4,0,4,229,96,133,0,0,0,20,5,15,12,0,12,413,202,211,166,21,145
562,6,13,389200,1643,1037,606,720,54,666,297,24,273,83,10,73,8,0,8,257,15,242,4,0,4,50,5,45,21,0,21,264,24,240,99,5,94
563,6,13,390100,2324,2124,200,915,773,142,658,565,93,48,24,24,0,0,0,177,157,20,0,0,0,0,0,0,32,27,5,625,537,88,37,32,5
564,6,13,390200,1720,1494,226,735,644,91,566,502,64,16,16,0,0,0,0,131,119,12,0,0,0,13,4,9,9,3,6,543,484,59,32,18,14
565,6,13,391000,2668,2271,397,1121,914,207,901,729,172,21,21,0,0,0,0,163,135,28,0,0,0,11,11,0,25,18,7,879,707,172,41,41,0
566,6,13,392000,2816,2494,322,1165,1044,121,968,860,108,13,13,0,16,16,0,125,125,0,0,0,0,0,0,0,43,30,13,945,852,93,46,31,15
567,6,13,392200,10887,7476,3411,3205,1989,1216,1398,813,585,525,254,271,20,9,11,766,614,152,0,0,0,306,168,138,190,131,59,793,617,176,916,413,503
568,6,13,392300,3277,2760,517,888,690,198,162,136,26,134,92,42,0,0,0,533,450,83,0,0,0,13,6,7,46,6,40,92,84,8,93,52,41
569,6,13,990000,0,0,0,0,0,0,0,0,0,0,0,0,0,0,0,0,0,0,0,0,0,0,0,0,0,0,0,0,0,0,0,0,0
570,6,41,101100,2717,2489,228,1064,939,125,1011,886,125,0,0,0,0,0,0,53,53,0,0,0,0,0,0,0,0,0,0,994,869,125,17,17,0
571,6,41,101200,3023,2411,612,1122,961,161,936,797,139,0,0,0,0,0,0,52,52,0,0,0,0,109,103,6,25,9,16,858,731,127,203,169,34
572,6,41,102100,2306,2003,303,985,781,204,901,717,184,18,18,0,0,0,0,40,40,0,0,0,0,13,0,13,13,6,7,875,691,184,46,26,20
573,6,41,102202,6508,5701,807,2235,1716,519,1833,1535,298,14,14,0,0,0,0,154,131,23,0,0,0,154,0,154,80,36,44,1640,1373,267,416,187,229
574,6,41,102203,5741,3787,1954,2188,779,1409,1493,594,899,97,12,85,0,0,0,139,81,58,0,0,0,295,41,254,164,51,113,1351,563,788,480,89,391
575,6,41,103100,7791,6656,1135,2881,2545,336,2684,2377,307,18,0,18,0,0,0,122,111,11,0,0,0,0,0,0,57,57,0,2620,2331,289,80,62,18
576,6,41,103200,6599,5274,1325,2774,1798,976,2285,1508,777,48,17,31,36,36,0,243,202,41,0,0,0,111,17,94,51,18,33,2163,1472,691,233,53,180
577,6,41,104101,8196,6102,2094,3146,2198,948,2759,1957,802,13,13,0,22,0,22,163,135,28,0,0,0,45,26,19,144,67,77,2447,1785,662,417,223,194
578,6,41,104102,5479,3482,1997,2147,954,1193,1479,767,712,64,64,0,21,0,21,254,26,228,0,0,0,281,75,206,48,22,26,1304,723,581,440,119,321
579,6,41,104200,5526,4701,825,2528,1654,874,2281,1539,742,74,0,74,0,0,0,98,90,8,0,0,0,50,0,50,25,25,0,2223,1539,684,108,0,108
580,6,41,104300,1624,1382,242,684,597,87,602,526,76,8,8,0,13,5,8,40,37,3,0,0,0,6,6,0,15,15,0,591,515,76,17,17,0
581,6,41,105000,6394,4778,1616,2685,1818,867,2154,1535,619,101,27,74,0,0,0,204,188,16,0,0,0,148,25,123,78,43,35,1853,1413,440,449,147,302
582,6,41,106001,3890,2971,919,2118,884,1234,1631,773,858,116,0,116,0,0,0,206,65,141,0,0,0,91,11,80,74,35,39,1565,707,858,164,77,87
583,6,41,106002,6394,5098,1296,2127,1563,564,1649,1329,320,0,0,0,0,0,0,164,146,18,0,0,0,218,51,167,96,37,59,1566,1310,256,250,19,231
584,6,41,107000,6673,6100,573,2393,2005,388,2163,1791,372,12,12,0,0,0,0,135,135,0,13,13,0,16,0,16,54,54,0,2024,1751,273,190,75,115
585,6,41,108100,6760,6050,710,2739,2328,411,2423,2062,361,34,34,0,0,0,0,144,144,0,50,22,28,21,21,0,67,45,22,2341,1999,342,149,108,41
586,6,41,108200,6656,5118,1538,2878,1570,1308,2278,1382,896,30,0,30,40,40,0,287,124,163,0,0,0,160,8,152,83,16,67,2177,1318,859,289,100,189
587,6,41,109001,3985,2961,1024,1726,744,982,1305,668,637,51,0,51,0,0,0,86,29,57,0,0,0,229,0,229,55,47,8,1194,655,539,348,13,335
588,6,41,109002,4124,3604,520,1803,1185,618,1687,1112,575,6,6,0,0,0,0,52,44,8,0,0,0,3,3,0,55,20,35,1602,1091,511,88,24,64
589,6,41,110100,5195,4207,988,2358,1429,929,2066,1353,713,76,18,58,0,0,0,112,58,54,0,0,0,69,0,69,35,0,35,1954,1263,691,181,90,91
590,6,41,110200,5122,4854,268,2163,1988,175,2020,1845,175,10,10,0,16,16,0,117,117,0,0,0,0,0,0,0,0,0,0,1982,1807,175,54,54,0
591,6,41,111000,5813,4159,1654,2743,819,1924,2192,787,1405,227,0,227,0,0,0,39,18,21,0,0,0,178,0,178,107,14,93,2046,773,1273,324,14,310
592,6,41,112100,5109,3283,1826,1850,965,885,1411,847,564,35,15,20,0,0,0,89,36,53,0,0,0,255,33,222,60,34,26,1253,815,438,449,91,358
593,6,41,112201,7397,2107,5290,1680,114,1566,530,63,467,55,8,47,20,0,20,71,28,43,0,0,0,980,15,965,24,0,24,150,63,87,1442,20,1422
594,6,41,112202,4597,1954,2643,1267,542,725,588,445,143,25,5,20,0,0,0,185,59,126,0,0,0,432,29,403,37,4,33,443,386,57,589,74,515
595,6,41,113000,3669,3004,665,1593,1153,440,1565,1125,440,0,0,0,0,0,0,0,0,0,0,0,0,0,0,0,28,28,0,1488,1058,430,77,67,10
596,6,41,114100,5214,4721,493,2211,1617,594,2046,1558,488,19,19,0,12,0,12,26,26,0,0,0,0,0,0,0,108,14,94,1991,1503,488,67,55,12
597,6,41,114200,3097,2571,526,1376,856,520,1283,829,454,14,14,0,7,0,7,48,7,41,0,0,0,0,0,0,24,6,18,1206,809,397,102,20,82
598,6,41,115000,7061,6541,520,2796,2441,355,2663,2360,303,23,0,23,0,0,0,80,65,15,0,0,0,0,0,0,30,16,14,2617,2314,303,62,62,0
599,6,41,116000,3188,2704,484,1277,866,411,1197,851,346,0,0,0,25,0,25,24,15,9,0,0,0,0,0,0,31,0,31,1153,827,326,44,24,20
600,6,41,117000,4536,3964,572,2048,1361,687,1971,1331,640,19,0,19,18,0,18,23,13,10,0,0,0,0,0,0,17,17,0,1956,1316,640,15,15,0
601,6,41,118100,2372,2070,302,772,693,79,721,642,79,14,14,0,0,0,0,26,26,0,0,0,0,4,4,0,7,7,0,706,627,79,19,19,0
602,6,41,119100,5056,4617,439,1987,1437,550,1910,1376,534,0,0,0,8,0,8,35,35,0,0,0,0,8,8,0,26,18,8,1872,1338,534,46,38,8
603,6,41,119201,3254,2765,489,1888,568,1320,1635,535,1100,17,11,6,0,0,0,145,22,123,0,0,0,63,0,63,28,0,28,1529,521,1008,177,14,163
604,6,41,119202,3452,3003,449,1221,1096,125,1126,1013,113,27,27,0,0,0,0,68,56,12,0,0,0,0,0,0,0,0,0,1048,935,113,78,78,0
605,6,41,120000,6232,5675,557,2838,1663,1175,2652,1555,1097,34,0,34,0,0,0,125,81,44,0,0,0,0,0,0,27,27,0,2557,1555,1002,114,19,95
606,6,41,121100,5201,4382,819,2100,1337,763,1877,1265,612,26,0,26,0,0,0,100,55,45,0,0,0,97,17,80,0,0,0,1785,1237,548,140,28,112
607,6,41,121200,5668,5088,580,2445,1407,1038,2136,1285,851,24,0,24,0,0,0,136,89,47,0,0,0,13,0,13,136,33,103,2088,1267,821,61,18,43
608,6,41,122000,0,0,0,0,0,0,0,0,0,0,0,0,0,0,0,0,0,0,0,0,0,0,0,0,0,0,0,0,0,0,0,0,0
609,6,41,123000,2023,1887,136,919,743,176,878,702,176,0,0,0,0,0,0,32,32,0,0,0,0,0,0,0,9,9,0,853,688,165,25,14,11
610,6,41,124100,5401,5020,381,2214,1343,871,2034,1280,754,0,0,0,0,0,0,86,63,23,0,0,0,44,0,44,50,0,50,1840,1191,649,194,89,105
611,6,41,124200,5936,5301,635,2550,1706,844,2405,1678,727,22,0,22,0,0,0,85,19,66,0,0,0,15,0,15,23,9,14,2281,1655,626,153,23,130
612,6,41,125000,4344,3471,873,2025,898,1127,1604,759,845,22,0,22,0,0,0,277,103,174,48,0,48,26,13,13,48,23,25,1492,692,800,164,80,84
613,6,41,126100,5814,5477,337,2272,1658,614,2163,1604,559,0,0,0,0,0,0,35,22,13,0,0,0,0,0,0,74,32,42,2119,1591,528,86,13,73
614,6,41,126200,4323,3688,635,1952,1135,817,1752,1073,679,23,0,23,19,0,19,64,15,49,0,0,0,30,0,30,64,47,17,1652,999,653,174,104,70
615,6,41,127000,4738,4498,240,2107,1519,588,1965,1442,523,0,0,0,0,0,0,75,58,17,0,0,0,0,0,0,67,19,48,1769,1336,433,196,106,90
616,6,41,128100,6443,5969,474,2737,2024,713,2395,1769,626,17,0,17,0,0,0,123,103,20,0,0,0,12,12,0,190,140,50,2369,1755,614,94,82,12
617,6,41,128200,4591,4212,379,1858,1423,435,1715,1341,374,15,0,15,0,0,0,128,82,46,0,0,0,0,0,0,0,0,0,1686,1312,374,29,29,0
618,6,41,129000,2715,1061,1654,1075,185,890,445,60,385,291,81,210,0,0,0,123,5,118,6,6,0,142,0,142,68,33,35,320,45,275,228,15,213
619,6,41,130201,3481,3040,441,1944,998,946,1840,940,900,8,8,0,9,0,9,67,40,27,10,0,10,0,0,0,10,10,0,1740,892,848,109,48,61
620,6,41,130202,4140,3655,485,2427,1248,1179,2241,1165,1076,104,14,90,0,0,0,69,69,0,0,0,0,13,0,13,0,0,0,2223,1147,1076,31,18,13
621,6,41,131100,1053,922,131,407,270,137,384,247,137,0,0,0,0,0,0,10,10,0,0,0,0,0,0,0,13,13,0,384,247,137,0,0,0
622,6,41,132100,1945,1561,384,868,564,304,809,526,283,6,6,0,0,0,0,19,13,6,0,0,0,0,0,0,34,19,15,803,526,277,10,0,10
623,6,41,132200,1672,1127,545,860,371,489,789,366,423,10,0,10,0,0,0,14,0,14,0,0,0,47,5,42,0,0,0,761,366,395,57,0,57
624,6,41,133000,2862,2063,799,1349,744,605,1205,709,496,0,0,0,0,0,0,32,32,0,0,0,0,92,0,92,20,3,17,1158,697,461,131,12,119
625,6,41,990100,0,0,0,0,0,0,0,0,0,0,0,0,0,0,0,0,0,0,0,0,0,0,0,0,0,0,0,0,0,0,0,0,0
626,6,55,200201,3315,2238,1077,1308,644,664,1189,626,563,0,0,0,0,0,0,8,8,0,0,0,0,111,10,101,0,0,0,903,596,307,397,40,357
627,6,55,200202,2720,1732,988,1243,311,932,1063,290,773,12,0,12,0,0,0,9,9,0,0,0,0,113,0,113,46,12,34,806,283,523,370,7,363
628,6,55,200203,2334,1649,685,851,339,512,731,306,425,21,0,21,11,0,11,0,0,0,0,0,0,67,33,34,21,0,21,548,255,293,271,84,187
629,6,55,200301,5161,2649,2512,1730,809,921,1387,737,650,8,8,0,23,0,23,26,13,13,10,0,10,239,24,215,37,27,10,1119,672,447,560,109,451
630,6,55,200302,2794,2086,708,936,691,245,711,559,152,7,7,0,9,9,0,45,38,7,0,0,0,107,21,86,57,57,0,625,495,130,251,143,108
631,6,55,200400,4200,3317,883,1552,899,653,1395,842,553,0,0,0,0,0,0,29,4,25,0,0,0,87,12,75,41,41,0,1291,820,471,191,34,157
632,6,55,200501,5210,3122,2088,1651,812,839,1299,604,695,7,7,0,17,10,7,0,0,0,0,0,0,290,157,133,38,34,4,920,489,431,707,306,401
633,6,55,200503,1722,1157,565,678,173,505,584,154,430,0,0,0,19,19,0,5,0,5,0,0,0,70,0,70,0,0,0,419,126,293,246,39,207
634,6,55,200504,6157,4649,1508,2167,977,1190,1766,891,875,37,0,37,79,0,79,95,34,61,0,0,0,151,34,117,39,18,21,1338,731,607,661,194,467
635,6,55,200505,2994,2001,993,1058,244,814,797,231,566,5,0,5,0,0,0,74,5,69,0,0,0,157,0,157,25,8,17,605,181,424,350,55,295
636,6,55,200601,5215,3938,1277,1596,1121,475,1254,929,325,0,0,0,0,0,0,50,35,15,0,0,0,242,146,96,50,11,39,1036,762,274,451,313,138
637,6,55,200602,4178,3042,1136,1767,1071,696,1536,947,589,12,0,12,0,0,0,87,87,0,0,0,0,108,37,71,24,0,24,1331,880,451,328,104,224
638,6,55,200703,2725,2576,149,1057,976,81,1029,955,74,0,0,0,0,0,0,21,14,7,0,0,0,0,0,0,7,7,0,976,909,67,53,46,7
639,6,55,200704,5189,3296,1893,1643,907,736,1301,747,554,8,0,8,9,0,9,46,0,46,0,0,0,240,135,105,39,25,14,1066,642,424,499,255,244
640,6,55,200705,2815,2138,677,962,492,470,832,477,355,0,0,0,15,0,15,14,10,4,0,0,0,89,5,84,12,0,12,674,440,234,258,42,216
641,6,55,200706,3316,2812,504,1137,953,184,943,807,136,0,0,0,19,19,0,42,32,10,0,0,0,110,85,25,23,10,13,849,734,115,204,158,46
642,6,55,200707,3035,2348,687,1287,657,630,1148,588,560,8,8,0,14,0,14,34,0,34,0,0,0,75,53,22,8,8,0,967,518,449,270,123,147
643,6,55,200802,5312,4524,788,2199,961,1238,1901,872,1029,21,21,0,98,16,82,63,52,11,0,0,0,58,0,58,58,0,58,1662,780,882,384,108,276
644,6,55,200803,2087,1606,481,849,617,232,781,606,175,11,11,0,0,0,0,0,0,0,0,0,0,57,0,57,0,0,0,693,579,114,145,27,118
645,6,55,200804,6003,3491,2512,1703,863,840,1102,663,439,16,0,16,0,0,0,0,0,0,0,0,0,508,140,368,77,60,17,751,466,285,885,346,539
646,6,55,200900,170,58,112,45,0,45,12,0,12,7,0,7,0,0,0,6,0,6,0,0,0,20,0,20,0,0,0,12,0,12,20,0,20
647,6,55,201003,5105,4083,1022,1440,984,456,627,449,178,122,16,106,0,0,0,520,423,97,0,0,0,152,77,75,19,19,0,505,371,134,281,162,119
648,6,55,201004,6480,4955,1525,1959,1616,343,936,826,110,191,149,42,0,0,0,644,530,114,0,0,0,107,70,37,81,41,40,666,584,82,408,343,65
649,6,55,201005,2255,1950,305,636,544,92,387,316,71,26,26,0,0,0,0,144,142,2,0,0,0,45,45,0,34,15,19,302,236,66,141,136,5
650,6,55,201006,3215,2420,795,912,691,221,580,444,136,39,35,4,5,5,0,172,157,15,19,8,11,97,42,55,0,0,0,420,335,85,257,151,106
651,6,55,201007,4383,3163,1220,1090,843,247,586,479,107,64,23,41,32,0,32,288,239,49,8,0,8,79,69,10,33,33,0,378,344,34,294,211,83
652,6,55,201101,2221,2126,95,794,715,79,714,648,66,13,0,13,7,7,0,31,31,0,0,0,0,29,29,0,0,0,0,689,623,66,54,54,0
653,6,55,201102,1849,1582,267,756,540,216,731,515,216,0,0,0,0,0,0,14,14,0,0,0,0,6,6,0,5,5,0,697,508,189,34,7,27
654,6,55,201200,4831,3527,1304,1968,1634,334,1796,1509,287,0,0,0,0,0,0,64,28,36,0,0,0,57,46,11,51,51,0,1437,1276,161,416,279,137
655,6,55,201300,2513,1992,521,1372,936,436,1253,865,388,31,0,31,0,0,0,36,30,6,0,0,0,29,29,0,23,12,11,1167,816,351,127,90,37
656,6,55,201401,3156,2853,303,1257,1060,197,1183,1026,157,12,12,0,0,0,0,0,0,0,0,0,0,12,12,0,50,10,40,1171,1014,157,24,24,0
657,6,55,201402,3067,2662,405,1190,1034,156,1080,959,121,0,0,0,0,0,0,16,16,0,0,0,0,74,39,35,20,20,0,1070,949,121,84,49,35
658,6,55,201403,626,539,87,264,190,74,246,187,59,0,0,0,7,0,7,3,3,0,0,0,0,8,0,8,0,0,0,212,172,40,49,15,34
659,6,55,201500,2077,1661,416,798,566,232,688,517,171,0,0,0,0,0,0,11,11,0,0,0,0,99,38,61,0,0,0,602,493,109,180,57,123
660,6,55,201601,2515,1497,1018,1016,460,556,888,433,455,0,0,0,0,0,0,43,6,37,0,0,0,70,15,55,15,6,9,667,371,296,291,77,214
661,6,55,201602,3348,2591,757,1520,1017,503,1399,950,449,22,22,0,0,0,0,0,0,0,0,0,0,42,0,42,57,45,12,1250,924,326,191,26,165
662,6,55,201700,4750,3602,1148,1698,946,752,1425,871,554,40,11,29,5,5,0,71,30,41,5,5,0,108,5,103,44,19,25,1272,807,465,264,68,196
663,6,55,201800,1678,1325,353,741,597,144,687,557,130,17,17,0,6,0,6,2,2,0,0,0,0,19,11,8,10,10,0,626,515,111,80,53,27
664,6,55,201900,1196,868,328,538,339,199,479,326,153,4,4,0,0,0,0,0,0,0,0,0,0,39,0,39,16,9,7,436,295,141,89,38,51
665,6,55,202000,5223,3256,1967,2007,1182,825,1791,1114,677,0,0,0,51,0,51,40,11,29,0,0,0,125,57,68,0,0,0,1314,869,445,641,290,351
666,6,75,10100,3972,2338,1634,2059,214,1845,1213,157,1056,81,0,81,0,0,0,619,57,562,0,0,0,90,0,90,56,0,56,1120,157,963,197,0,197
667,6,75,10200,4300,3702,598,2547,843,1704,2175,724,1451,0,0,0,0,0,0,217,105,112,0,0,0,78,0,78,77,14,63,2137,724,1413,116,0,116
668,6,75,10300,4341,3117,1224,2034,534,1500,1435,341,1094,0,0,0,0,0,0,506,178,328,0,0,0,0,0,0,93,15,78,1340,300,1040,120,41,79
669,6,75,10400,5017,4211,806,2501,858,1643,1662,632,1030,0,0,0,5,0,5,596,193,403,0,0,0,69,0,69,169,33,136,1555,632,923,275,0,275
670,6,75,10500,2684,2050,634,1614,336,1278,1068,276,792,46,0,46,0,0,0,380,28,352,12,0,12,0,0,0,108,32,76,983,242,741,98,47,51
671,6,75,10600,3567,1913,1654,1812,229,1583,878,46,832,8,0,8,0,0,0,862,174,688,0,0,0,49,0,49,15,9,6,841,36,805,94,10,84
672,6,75,10700,5509,1980,3529,2496,210,2286,574,60,514,0,0,0,21,0,21,1866,150,1716,0,0,0,35,0,35,0,0,0,535,45,490,74,15,59
673,6,75,10800,4514,3348,1166,2425,422,2003,1315,166,1149,0,0,0,0,0,0,935,232,703,0,0,0,87,12,75,88,12,76,1206,149,1057,229,29,200
674,6,75,10900,4447,3681,766,2717,600,2117,1996,394,1602,58,18,40,0,0,0,618,188,430,0,0,0,25,0,25,20,0,20,1974,394,1580,47,0,47
675,6,75,11000,4742,3781,961,2624,488,2136,1435,282,1153,58,15,43,0,0,0,1057,176,881,0,0,0,19,0,19,55,15,40,1265,185,1080,189,97,92
676,6,75,11100,5070,4126,944,3073,289,2784,1972,203,1769,154,0,154,0,0,0,822,86,736,0,0,0,21,0,21,104,0,104,1845,181,1664,183,22,161
677,6,75,11200,3335,2556,779,1916,576,1340,1251,473,778,87,0,87,0,0,0,525,103,422,0,0,0,9,0,9,44,0,44,1174,437,737,100,36,64
678,6,75,11300,3032,1432,1600,1534,172,1362,339,81,258,45,0,45,15,0,15,1072,91,981,0,0,0,0,0,0,63,0,63,339,81,258,15,0,15
679,6,75,11700,1662,1038,624,1061,48,1013,512,26,486,73,0,73,0,0,0,384,22,362,0,0,0,76,0,76,16,0,16,398,26,372,201,0,201
680,6,75,11800,1562,602,960,708,5,703,91,0,91,0,0,0,6,0,6,587,5,582,0,0,0,7,0,7,17,0,17,78,0,78,32,0,32
681,6,75,11901,2283,1689,594,1488,454,1034,996,320,676,28,0,28,27,0,27,393,134,259,0,0,0,28,0,28,16,0,16,915,299,616,136,21,115
682,6,75,11902,2839,1960,879,1835,110,1725,1107,52,1055,39,0,39,0,0,0,520,48,472,0,0,0,106,10,96,63,0,63,974,39,935,239,23,216
683,6,75,12000,3929,1982,1947,2594,66,2528,1349,45,1304,202,0,202,0,0,0,720,21,699,0,0,0,74,0,74,249,0,249,1224,28,1196,224,17,207
684,6,75,12100,3278,2279,999,2133,132,2001,1322,132,1190,29,0,29,27,0,27,577,0,577,0,0,0,60,0,60,118,0,118,1078,132,946,340,0,340
685,6,75,12201,4728,2656,2072,2937,137,2800,1580,100,1480,373,0,373,0,0,0,486,37,449,0,0,0,280,0,280,218,0,218,1314,100,1214,568,0,568
686,6,75,12202,3271,1336,1935,1563,71,1492,791,49,742,162,0,162,19,0,19,392,22,370,0,0,0,145,0,145,54,0,54,695,49,646,274,0,274
687,6,75,12301,2189,543,1646,1340,8,1332,661,0,661,152,0,152,9,0,9,383,8,375,0,0,0,115,0,115,20,0,20,473,0,473,325,0,325
688,6,75,12302,2529,1490,1039,1906,10,1896,1005,0,1005,123,0,123,0,0,0,622,10,612,0,0,0,78,0,78,78,0,78,851,0,851,260,0,260
689,6,75,12401,4588,1557,3031,2664,0,2664,1100,0,1100,271,0,271,18,0,18,730,0,730,44,0,44,384,0,384,117,0,117,900,0,900,649,0,649
690,6,75,12402,3369,2070,1299,2326,152,2174,1213,35,1178,207,0,207,0,0,0,702,117,585,25,0,25,118,0,118,61,0,61,890,35,855,439,0,439
691,6,75,12501,3580,953,2627,2179,62,2117,995,13,982,416,0,416,11,0,11,614,49,565,0,0,0,143,0,143,0,0,0,802,13,789,336,0,336
692,6,75,12502,3435,891,2544,2201,21,2180,701,21,680,263,0,263,31,0,31,1018,0,1018,0,0,0,139,0,139,49,0,49,516,0,516,290,21,269
693,6,75,12601,2408,2226,182,1518,257,1261,1306,233,1073,28,0,28,0,0,0,127,24,103,0,0,0,0,0,0,57,0,57,1123,198,925,240,35,205
694,6,75,12602,2900,2630,270,1672,313,1359,1373,240,1133,14,0,14,0,0,0,216,50,166,0,0,0,10,0,10,59,23,36,1318,240,1078,65,0,65
695,6,75,12700,3860,3570,290,2187,584,1603,1943,492,1451,11,11,0,0,0,0,117,46,71,21,21,0,0,0,0,95,14,81,1866,434,1432,98,79,19
696,6,75,12800,4783,4137,646,2371,761,1610,2084,628,1456,0,0,0,0,0,0,178,85,93,0,0,0,43,14,29,66,34,32,1945,571,1374,187,71,116
697,6,75,12901,2718,2528,190,1512,364,1148,1278,328,950,0,0,0,23,0,23,121,36,85,0,0,0,0,0,0,90,0,90,1212,328,884,77,0,77
698,6,75,12902,3555,3190,365,2057,446,1611,1688,323,1365,22,0,22,0,0,0,311,123,188,0,0,0,10,0,10,26,0,26,1528,311,1217,172,12,160
699,6,75,13000,4780,4333,447,2562,637,1925,2091,564,1527,0,0,0,8,0,8,308,73,235,0,0,0,39,0,39,116,0,116,2054,564,1490,91,0,91
700,6,75,13101,3993,3658,335,2555,459,2096,2105,413,1692,91,0,91,0,0,0,223,28,195,0,0,0,30,0,30,106,18,88,1955,377,1578,203,36,167
701,6,75,13102,2871,2565,306,1641,373,1268,1321,290,1031,20,9,11,0,0,0,251,74,177,13,0,13,12,0,12,24,0,24,1224,277,947,131,13,118
702,6,75,13200,3848,3561,287,2229,789,1440,1792,673,1119,0,0,0,0,0,0,418,116,302,0,0,0,0,0,0,19,0,19,1731,673,1058,61,0,61
703,6,75,13300,4515,3674,841,1892,884,1008,1583,749,834,19,14,5,0,0,0,238,121,117,0,0,0,0,0,0,52,0,52,1470,696,774,113,53,60
704,6,75,13400,3956,3520,436,2032,668,1364,1707,521,1186,28,11,17,0,0,0,199,109,90,0,0,0,39,0,39,59,27,32,1616,502,1114,130,19,111
705,6,75,13500,2704,2409,295,1604,356,1248,1161,269,892,78,9,69,10,0,10,272,78,194,0,0,0,25,0,25,58,0,58,1108,239,869,73,30,43
706,6,75,15100,2144,1821,323,1488,422,1066,965,264,701,0,0,0,0,0,0,437,158,279,0,0,0,54,0,54,32,0,32,926,264,662,111,18,93
707,6,75,15200,4176,3224,952,2431,525,1906,1556,266,1290,155,36,119,0,0,0,668,209,459,0,0,0,0,0,0,52,14,38,1438,212,1226,133,69,64
708,6,75,15300,2110,1827,283,950,304,646,692,215,477,68,20,48,0,0,0,127,54,73,21,0,21,24,5,19,18,10,8,666,208,458,38,12,26
709,6,75,15400,6152,5434,718,2941,856,2085,2066,566,1500,68,33,35,0,0,0,648,257,391,88,0,88,51,0,51,20,0,20,1928,566,1362,201,0,201
710,6,75,15500,3584,2481,1103,2280,318,1962,1210,214,996,90,0,90,0,0,0,895,104,791,0,0,0,58,0,58,27,0,27,1071,199,872,197,15,182
711,6,75,15600,3274,2411,863,1462,310,1152,832,169,663,20,0,20,0,0,0,507,141,366,0,0,0,7,0,7,96,0,96,776,169,607,71,0,71
712,6,75,15700,5930,4713,1217,2677,771,1906,1704,385,1319,49,14,35,0,0,0,774,340,434,44,0,44,55,32,23,51,0,51,1613,369,1244,164,48,116
713,6,75,15801,4026,2552,1474,1727,490,1237,696,304,392,618,51,567,0,0,0,291,89,202,0,0,0,32,0,32,90,46,44,654,282,372,74,22,52
714,6,75,15802,3306,2631,675,1564,335,1229,1182,288,894,140,21,119,17,0,17,97,15,82,0,0,0,95,11,84,33,0,33,1116,269,847,184,30,154
715,6,75,15900,4256,2821,1435,2116,470,1646,910,165,745,315,39,276,21,0,21,786,266,520,25,0,25,47,0,47,12,0,12,891,165,726,121,0,121
716,6,75,16000,2769,1837,932,1737,473,1264,963,319,644,156,16,140,0,0,0,479,138,341,0,0,0,21,0,21,118,0,118,901,299,602,169,20,149
717,6,75,16100,5498,2486,3012,2602,187,2415,830,26,804,1058,25,1033,0,0,0,613,125,488,0,0,0,37,0,37,64,11,53,798,26,772,69,0,69
718,6,75,16200,2937,2304,633,1784,232,1552,1244,161,1083,88,15,73,0,0,0,307,47,260,0,0,0,75,0,75,70,9,61,1152,161,991,139,0,139
719,6,75,16300,4449,3395,1054,2037,465,1572,1249,386,863,341,15,326,0,0,0,259,47,212,0,0,0,29,0,29,159,17,142,1110,372,738,185,31,154
720,6,75,16400,4141,3437,704,1874,385,1489,1521,282,1239,167,81,86,0,0,0,81,22,59,0,0,0,14,0,14,91,0,91,1437,282,1155,112,0,112
721,6,75,16500,5731,4714,1017,2383,584,1799,1743,453,1290,198,76,122,11,0,11,123,55,68,0,0,0,212,0,212,96,0,96,1617,402,1215,338,51,287
722,6,75,16600,5613,4556,1057,2494,453,2041,1900,388,1512,52,0,52,14,0,14,383,65,318,0,0,0,14,0,14,131,0,131,1738,388,1350,162,0,162
723,6,75,16700,4805,4189,616,2422,712,1710,1974,578,1396,79,38,41,0,0,0,208,79,129,0,0,0,45,0,45,116,17,99,1768,528,1240,268,50,218
724,6,75,16801,3219,2470,749,1602,324,1278,1319,294,1025,117,11,106,0,0,0,89,9,80,0,0,0,0,0,0,77,10,67,1223,259,964,110,35,75
725,6,75,16802,3288,2450,838,1794,357,1437,1116,250,866,128,9,119,52,0,52,339,98,241,0,0,0,124,0,124,35,0,35,1024,250,774,224,0,224
726,6,75,16900,2875,2461,414,1532,420,1112,1197,296,901,81,7,74,0,0,0,226,96,130,0,0,0,12,12,0,16,9,7,1125,287,838,84,21,63
727,6,75,17000,3959,3591,368,2165,1199,966,1858,1063,795,0,0,0,0,0,0,246,95,151,0,0,0,0,0,0,61,41,20,1774,1045,729,120,34,86
728,6,75,17101,3814,3450,364,1776,689,1087,1607,631,976,37,9,28,0,0,0,102,49,53,0,0,0,22,0,22,8,0,8,1570,610,960,59,21,38
729,6,75,17102,3732,3144,588,1671,634,1037,1331,498,833,7,7,0,0,0,0,171,69,102,0,0,0,0,0,0,162,60,102,1293,491,802,124,19,105
730,6,75,17601,7834,4182,3652,4430,334,4096,1921,190,1731,650,0,650,0,0,0,1282,122,1160,0,0,0,284,0,284,293,22,271,1644,168,1476,537,22,515
731,6,75,17700,1791,1268,523,758,119,639,479,88,391,10,0,10,22,0,22,97,25,72,0,0,0,101,6,95,49,0,49,446,88,358,146,6,140
732,6,75,17801,3209,1460,1749,2242,398,1844,697,249,448,136,15,121,0,0,0,1391,134,1257,0,0,0,18,0,18,0,0,0,672,249,423,58,15,43
733,6,75,17802,4845,2830,2015,2286,545,1741,1173,319,854,292,27,265,0,0,0,534,169,365,0,0,0,184,0,184,103,30,73,1010,293,717,316,26,290
734,6,75,17902,2973,956,2017,602,0,602,211,0,211,130,0,130,21,0,21,86,0,86,0,0,0,120,0,120,34,0,34,173,0,173,193,0,193
735,6,75,18000,2877,1999,878,1314,573,741,749,257,492,74,5,69,9,0,9,362,264,98,8,0,8,11,11,0,101,36,65,689,247,442,80,21,59
736,6,75,20100,5955,2859,3096,3115,566,2549,1598,325,1273,218,12,206,21,0,21,411,141,270,63,10,53,558,53,505,246,25,221,1015,272,743,1308,116,1192
737,6,75,20200,6013,3926,2087,3189,560,2629,2082,370,1712,76,0,76,16,0,16,571,156,415,0,0,0,201,0,201,243,34,209,1825,332,1493,455,38,417
738,6,75,20300,3161,2608,553,1738,465,1273,1312,344,968,21,0,21,0,0,0,238,85,153,0,0,0,102,26,76,65,10,55,1159,321,838,223,49,174
739,6,75,20401,3118,2730,388,1595,900,695,1253,692,561,9,9,0,11,11,0,256,148,108,0,0,0,9,9,0,57,31,26,1198,662,536,76,51,25
740,6,75,20402,4461,3752,709,2501,608,1893,1889,516,1373,31,0,31,0,0,0,311,92,219,0,0,0,144,0,144,126,0,126,1705,419,1286,369,97,272
741,6,75,20500,2859,2584,275,1401,533,868,1169,460,709,32,0,32,0,0,0,127,62,65,0,0,0,24,0,24,49,11,38,1130,460,670,73,0,73
742,6,75,20600,5052,4292,760,2729,1106,1623,2169,949,1220,69,0,69,0,0,0,323,36,287,27,27,0,0,0,0,141,94,47,2052,893,1159,134,73,61
743,6,75,20700,5169,4336,833,2656,668,1988,1880,458,1422,40,23,17,24,0,24,434,129,305,0,0,0,157,18,139,121,40,81,1769,458,1311,329,55,274
744,6,75,20800,6292,3805,2487,2846,453,2393,1510,278,1232,49,0,49,89,7,82,589,113,476,0,0,0,521,39,482,88,16,72,951,242,709,1113,75,1038
745,6,75,20900,4913,2819,2094,1894,266,1628,1122,180,942,8,8,0,24,0,24,301,60,241,0,0,0,338,18,320,101,0,101,751,137,614,741,61,680
746,6,75,21000,4577,3741,836,2165,480,1685,1531,444,1087,24,0,24,0,0,0,228,0,228,0,0,0,258,0,258,124,36,88,1325,375,950,562,79,483
747,6,75,21100,4180,3766,414,1919,859,1060,1619,739,880,24,6,18,0,0,0,182,91,91,0,0,0,41,17,24,53,6,47,1505,716,789,174,40,134
748,6,75,21200,3086,2791,295,1421,854,567,1248,767,481,0,0,0,0,0,0,108,44,64,0,0,0,11,11,0,54,32,22,1200,744,456,71,46,25
749,6,75,21300,2714,2513,201,1227,716,511,1013,579,434,0,0,0,0,0,0,140,83,57,0,0,0,19,11,8,55,43,12,979,564,415,53,26,27
750,6,75,21400,3736,3476,260,1666,877,789,1393,700,693,8,0,8,11,11,0,221,155,66,9,0,9,11,11,0,13,0,13,1257,646,611,158,76,82
751,6,75,21500,4920,4326,594,2580,1122,1458,2136,890,1246,39,21,18,0,0,0,300,146,154,22,0,22,57,57,0,26,8,18,2049,859,1190,162,88,74
752,6,75,21600,4551,3977,574,2171,1360,811,1258,825,433,228,73,155,15,15,0,481,313,168,0,0,0,105,50,55,84,84,0,1215,787,428,128,68,60
753,6,75,21700,4094,3356,738,1839,1234,605,1099,866,233,145,30,115,8,8,0,368,282,86,0,0,0,163,37,126,56,11,45,1014,823,191,248,80,168
754,6,75,21800,4112,3808,304,1867,1137,730,1554,959,595,30,11,19,0,0,0,192,112,80,0,0,0,63,35,28,28,20,8,1452,905,547,181,97,84
755,6,75,22600,2082,1918,164,949,475,474,682,347,335,41,6,35,0,0,0,214,110,104,0,0,0,0,0,0,12,12,0,633,319,314,54,28,26
756,6,75,22702,2201,2087,114,1003,334,669,795,281,514,37,5,32,0,0,0,121,41,80,0,0,0,27,0,27,23,7,16,749,263,486,73,18,55
757,6,75,22704,3411,3097,314,1636,936,700,1277,719,558,16,7,9,0,0,0,260,163,97,0,0,0,17,5,12,66,42,24,1223,672,551,80,47,33
758,6,75,22801,5237,3594,1643,1947,789,1158,1153,469,684,48,20,28,0,0,0,318,182,136,0,0,0,355,81,274,73,37,36,966,405,561,524,120,404
759,6,75,22802,1983,1090,893,672,145,527,368,91,277,17,5,12,0,0,0,87,7,80,0,0,0,153,25,128,47,17,30,216,86,130,317,35,282
760,6,75,22803,4607,3236,1371,1570,589,981,957,368,589,26,0,26,22,0,22,270,117,153,0,0,0,272,95,177,23,9,14,754,303,451,543,188,355
761,6,75,22901,5691,3397,2294,1540,302,1238,859,236,623,88,0,88,21,0,21,97,14,83,0,0,0,390,52,338,85,0,85,567,189,378,747,99,648
762,6,75,22902,2712,1940,772,832,316,516,588,251,337,9,2,7,0,0,0,52,29,23,9,9,0,141,18,123,33,7,26,426,179,247,313,90,223
763,6,75,22903,3116,2296,820,1157,487,670,624,264,360,21,0,21,0,0,0,121,68,53,0,0,0,291,104,187,100,51,49,439,215,224,508,192,316
764,6,75,23001,5193,3308,1885,1333,990,343,187,123,64,221,154,67,0,0,0,856,660,196,0,0,0,22,12,10,47,41,6,145,93,52,90,58,32
765,6,75,23003,4243,3124,1119,1190,963,227,218,177,41,385,281,104,0,0,0,493,457,36,0,0,0,44,34,10,50,14,36,147,137,10,208,131,77
766,6,75,23102,4639,2151,2488,1567,543,1024,134,113,21,979,275,704,0,0,0,157,96,61,72,27,45,95,0,95,130,32,98,110,102,8,164,11,153
767,6,75,23103,2904,679,2225,1045,121,924,80,39,41,611,43,568,0,0,0,74,19,55,117,0,117,83,8,75,80,12,68,80,39,41,118,8,110
768,6,75,23200,4399,2784,1615,1253,706,547,242,164,78,610,324,286,9,9,0,130,90,40,0,0,0,200,101,99,62,18,44,127,96,31,384,188,196
769,6,75,23300,3193,2140,1053,949,566,383,173,122,51,118,43,75,0,0,0,556,379,177,0,0,0,86,22,64,16,0,16,87,78,9,172,66,106
770,6,75,23400,3166,1427,1739,861,422,439,89,64,25,256,135,121,0,0,0,203,100,103,92,9,83,158,99,59,63,15,48,65,53,12,174,97,77
771,6,75,25100,3620,2917,703,1400,1004,396,1008,682,326,92,74,18,7,7,0,188,148,40,0,0,0,58,46,12,47,47,0,863,599,264,237,143,94
772,6,75,25200,5845,4873,972,2117,1224,893,1792,976,816,48,16,32,0,0,0,200,185,15,0,0,0,77,47,30,0,0,0,1559,882,677,310,141,169
773,6,75,25300,4270,3241,1029,1734,722,1012,1156,581,575,20,20,0,0,0,0,197,62,135,0,0,0,291,36,255,70,23,47,1042,526,516,411,114,297
774,6,75,25401,3978,2879,1099,1307,567,740,810,413,397,77,0,77,0,0,0,132,55,77,0,0,0,251,90,161,37,9,28,708,386,322,398,92,306
775,6,75,25402,2965,2449,516,1117,838,279,798,551,247,30,30,0,0,0,0,203,194,9,0,0,0,65,54,11,21,9,12,680,484,196,183,121,62
776,6,75,25403,5298,3831,1467,1447,825,622,676,413,263,151,60,91,8,8,0,300,222,78,0,0,0,259,85,174,53,37,16,507,350,157,459,179,280
777,6,75,25500,9390,7654,1736,2741,1946,795,1204,911,293,14,14,0,0,0,0,936,714,222,0,0,0,523,291,232,64,16,48,870,589,281,876,596,280
778,6,75,25600,5504,4122,1382,1598,1117,481,577,416,161,26,8,18,18,9,9,770,588,182,0,0,0,123,63,60,84,33,51,449,299,150,303,192,111
779,6,75,25701,5067,4088,979,1475,1071,404,407,259,148,64,33,31,10,0,10,802,644,158,0,0,0,181,124,57,11,11,0,347,232,115,251,151,100
780,6,75,25702,4734,2714,2020,1217,604,613,218,91,127,35,6,29,8,0,8,730,478,252,0,0,0,226,29,197,0,0,0,114,66,48,330,54,276
781,6,75,25800,2047,1336,711,619,377,242,226,156,70,74,35,39,7,0,7,230,139,91,0,0,0,67,32,35,15,15,0,151,118,33,176,87,89
782,6,75,25900,4498,3920,578,1504,1056,448,611,400,211,104,91,13,0,0,0,602,461,141,0,0,0,93,25,68,94,79,15,453,282,171,307,184,123
783,6,75,26001,5901,3698,2203,1566,805,761,495,270,225,79,44,35,31,0,31,558,347,211,11,0,11,343,123,220,49,21,28,264,169,95,610,200,410
784,6,75,26002,3100,2318,782,984,753,231,445,364,81,47,31,16,0,0,0,341,283,58,0,0,0,148,72,76,3,3,0,297,216,81,277,201,76
785,6,75,26003,5241,3724,1517,1395,866,529,567,358,209,16,8,8,26,26,0,472,292,180,0,0,0,297,174,123,17,8,9,305,195,110,586,354,232
786,6,75,26004,4924,3471,1453,1276,754,522,512,305,207,27,27,0,0,0,0,521,364,157,0,0,0,162,12,150,54,46,8,283,204,79,430,144,286
787,6,75,26100,7132,5350,1782,1993,1148,845,437,213,224,30,0,30,14,0,14,1077,746,331,21,21,0,302,98,204,112,70,42,275,160,115,507,170,337
788,6,75,26200,7627,5217,2410,2003,1349,654,491,290,201,21,21,0,13,13,0,1076,850,226,0,0,0,346,119,227,56,56,0,352,213,139,514,225,289
789,6,75,26301,4812,3168,1644,1406,822,584,497,302,195,8,0,8,9,0,9,697,420,277,13,13,0,164,69,95,18,18,0,292,147,145,381,236,145
790,6,75,26302,4709,3933,776,1533,931,602,470,320,150,31,0,31,0,0,0,718,527,191,0,0,0,292,84,208,22,0,22,338,235,103,444,169,275
791,6,75,26303,4780,3276,1504,1216,754,462,318,184,134,6,6,0,0,0,0,657,515,142,0,0,0,224,38,186,11,11,0,230,142,88,306,74,232
792,6,75,26401,3700,2349,1351,1061,763,298,141,97,44,82,27,55,0,0,0,718,571,147,10,10,0,99,58,41,11,0,11,81,57,24,159,98,61
793,6,75,26402,4667,3769,898,1194,771,423,259,181,78,128,65,63,20,20,0,557,397,160,0,0,0,166,52,114,64,56,8,234,156,78,243,129,114
794,6,75,26403,3737,2658,1079,1051,540,511,179,66,113,28,18,10,0,0,0,670,432,238,0,0,0,113,24,89,61,0,61,82,39,43,223,51,172
795,6,75,26404,2806,1434,1372,700,335,365,101,53,48,183,46,137,0,0,0,308,205,103,18,0,18,85,26,59,5,5,0,43,33,10,143,46,97
796,6,75,30101,4799,3782,1017,2114,640,1474,1433,479,954,37,0,37,0,0,0,445,161,284,0,0,0,133,0,133,66,0,66,1283,470,813,218,9,209
797,6,75,30102,4604,4173,431,2242,1094,1148,1458,888,570,47,0,47,0,0,0,618,189,429,0,0,0,75,0,75,44,17,27,1317,836,481,165,52,113
798,6,75,30201,4291,3640,651,1907,457,1450,1210,143,1067,9,0,9,0,0,0,546,292,254,0,0,0,22,0,22,120,22,98,1178,143,1035,73,19,54
799,6,75,30202,4621,3807,814,2149,586,1563,1296,310,986,34,0,34,0,0,0,623,276,347,0,0,0,43,0,43,153,0,153,1121,310,811,263,0,263
800,6,75,30301,5968,4999,969,2361,1296,1065,1358,626,732,39,39,0,0,0,0,904,617,287,0,0,0,12,0,12,48,14,34,1297,596,701,96,44,52
801,6,75,30302,4143,3473,670,1464,1179,285,762,570,192,9,0,9,0,0,0,664,580,84,0,0,0,9,9,0,20,20,0,715,547,168,59,35,24
802,6,75,30400,5553,4762,791,1967,1555,412,1113,887,226,45,27,18,9,9,0,724,601,123,0,0,0,39,31,8,37,0,37,1096,879,217,57,39,18
803,6,75,30500,2419,2127,292,1040,752,288,672,505,167,37,0,37,0,0,0,277,217,60,0,0,0,28,19,9,26,11,15,603,462,141,112,62,50
804,6,75,30600,2419,2187,232,878,753,125,546,476,70,17,17,0,0,0,0,251,236,15,0,0,0,48,12,36,16,12,4,504,446,58,101,53,48
805,6,75,30700,6673,5686,987,2652,2177,475,1762,1470,292,29,29,0,0,0,0,720,605,115,0,0,0,42,23,19,99,50,49,1544,1298,246,249,184,65
806,6,75,30800,6074,5578,496,2260,1730,530,1459,1106,353,38,0,38,0,0,0,610,532,78,0,0,0,50,0,50,103,92,11,1371,1049,322,144,63,81
807,6,75,30900,6872,6079,793,2343,2120,223,1337,1188,149,0,0,0,0,0,0,894,894,0,12,12,0,74,0,74,26,26,0,1166,1028,138,245,160,85
808,6,75,31000,3601,3252,349,1302,1025,277,782,622,160,51,35,16,6,0,6,371,332,39,0,0,0,77,28,49,15,8,7,730,591,139,129,59,70
809,6,75,31100,6885,5974,911,2488,1648,840,1604,1023,581,100,69,31,0,0,0,569,457,112,0,0,0,133,48,85,82,51,31,1412,868,544,336,203,133
810,6,75,31201,7299,5321,1978,1983,1136,847,558,210,348,195,119,76,0,0,0,1034,753,281,0,0,0,181,39,142,15,15,0,460,167,293,243,82,161
811,6,75,31202,3207,2316,891,862,585,277,173,130,43,155,105,50,6,0,6,419,287,132,0,0,0,74,58,16,35,5,30,158,115,43,95,73,22
812,6,75,31301,4477,3026,1451,1314,1026,288,358,238,120,333,266,67,16,11,5,503,436,67,0,0,0,13,0,13,91,75,16,307,194,113,104,71,33
813,6,75,31302,5952,3968,1984,1942,1279,663,458,248,210,248,225,23,0,0,0,997,680,317,0,0,0,113,57,56,126,69,57,304,186,118,279,117,162
814,6,75,31400,6956,3977,2979,1861,1172,689,412,273,139,349,213,136,9,0,9,812,592,220,0,0,0,246,76,170,33,18,15,260,206,54,399,143,256
815,6,75,32601,4908,4036,872,1828,762,1066,862,240,622,30,9,21,0,0,0,848,513,335,0,0,0,10,0,10,78,0,78,814,222,592,58,18,40
816,6,75,32602,4634,3410,1224,1718,808,910,758,251,507,16,9,7,3,3,0,825,509,316,0,0,0,72,10,62,44,26,18,709,251,458,103,10,93
817,6,75,32700,7095,5720,1375,2461,1669,792,1021,633,388,0,0,0,0,0,0,1305,951,354,56,56,0,24,0,24,55,29,26,947,587,360,113,46,67
818,6,75,32801,4060,3216,844,1460,788,672,666,322,344,27,0,27,0,0,0,682,446,236,0,0,0,25,13,12,60,7,53,565,282,283,128,67,61
819,6,75,32802,4383,3644,739,1544,986,558,465,257,208,19,0,19,5,5,0,954,724,230,0,0,0,37,0,37,64,0,64,448,248,200,43,9,34
820,6,75,32901,5686,4611,1075,1819,1259,560,650,461,189,38,7,31,0,0,0,1001,728,273,10,10,0,57,22,35,63,31,32,585,424,161,132,69,63
821,6,75,32902,4395,3486,909,1385,961,424,451,272,179,0,0,0,0,0,0,880,689,191,0,0,0,0,0,0,54,0,54,412,256,156,51,28,23
822,6,75,33000,8082,6172,1910,2710,1595,1115,1511,847,664,0,0,0,33,0,33,1117,734,383,0,0,0,0,0,0,49,14,35,1378,815,563,133,32,101
823,6,75,33100,4021,3449,572,1463,1311,152,720,631,89,0,0,0,0,0,0,731,668,63,0,0,0,0,0,0,12,12,0,659,583,76,61,48,13
824,6,75,33201,1624,400,1224,640,0,640,304,0,304,33,0,33,0,0,0,215,0,215,0,0,0,53,0,53,35,0,35,256,0,256,108,0,108
825,6,75,33203,4212,2247,1965,1586,0,1586,888,0,888,121,0,121,0,0,0,394,0,394,0,0,0,154,0,154,29,0,29,783,0,783,253,0,253
826,6,75,33204,4262,2107,2155,1591,0,1591,761,0,761,123,0,123,0,0,0,551,0,551,0,0,0,94,0,94,62,0,62,605,0,605,250,0,250
827,6,75,35100,8812,7337,1475,2849,1733,1116,1365,784,581,18,0,18,18,18,0,1310,931,379,0,0,0,4,0,4,134,0,134,1272,745,527,209,69,140
828,6,75,35201,5835,4709,1126,1960,1271,689,908,479,429,7,7,0,0,0,0,966,748,218,0,0,0,11,11,0,68,26,42,837,439,398,105,60,45
829,6,75,35202,4650,3567,1083,1834,651,1183,1037,278,759,19,0,19,0,0,0,639,373,266,8,0,8,23,0,23,108,0,108,928,252,676,117,26,91
830,6,75,35300,7490,5880,1610,2594,1801,793,908,512,396,0,0,0,0,0,0,1537,1228,309,14,14,0,116,28,88,19,19,0,863,512,351,172,39,133
831,6,75,35400,6457,5398,1059,2514,1392,1122,1012,474,538,51,13,38,0,0,0,1256,896,360,0,0,0,149,0,149,46,9,37,1012,474,538,51,0,51
832,6,75,40100,4464,3467,997,1946,536,1410,1192,337,855,8,0,8,0,0,0,637,189,448,11,0,11,31,10,21,67,0,67,1132,316,816,72,21,51
833,6,75,40200,5541,4492,1049,2433,761,1672,1412,506,906,79,0,79,0,0,0,777,234,543,0,0,0,96,0,96,69,21,48,1332,487,845,218,40,178
834,6,75,42601,4175,2792,1383,1788,420,1368,1139,150,989,33,0,33,6,6,0,516,264,252,0,0,0,62,0,62,32,0,32,1106,150,956,103,0,103
835,6,75,42602,3090,2739,351,1383,404,979,869,188,681,10,0,10,0,0,0,419,216,203,0,0,0,21,0,21,64,0,64,794,177,617,98,11,87
836,6,75,42700,4897,3221,1676,2338,658,1680,1173,236,937,76,27,49,0,0,0,975,369,606,26,26,0,16,0,16,72,0,72,1085,236,849,140,0,140
837,6,75,42800,2456,2273,183,897,678,219,740,551,189,0,0,0,0,0,0,139,114,25,0,0,0,0,0,0,18,13,5,713,541,172,27,10,17
838,6,75,45100,5093,3719,1374,2109,750,1359,1085,324,761,43,0,43,8,8,0,855,393,462,25,25,0,54,0,54,39,0,39,961,299,662,197,25,172
839,6,75,45200,7310,5362,1948,3020,994,2026,1645,605,1040,0,0,0,12,12,0,1103,369,734,29,0,29,20,0,20,211,8,203,1509,573,936,282,32,250
840,6,75,47600,5647,4958,689,2211,817,1394,1119,310,809,15,15,0,0,0,0,1033,492,541,14,0,14,0,0,0,30,0,30,1044,310,734,75,0,75
841,6,75,47701,4313,3111,1202,1907,709,1198,952,232,720,10,0,10,0,0,0,875,447,428,10,10,0,0,0,0,60,20,40,891,220,671,61,12,49
842,6,75,47702,4218,3352,866,1564,670,894,767,205,562,17,7,10,0,0,0,742,441,301,0,0,0,12,0,12,26,17,9,699,185,514,80,20,60
843,6,75,47801,4001,3164,837,1590,751,839,681,227,454,28,14,14,10,10,0,770,460,310,0,0,0,29,0,29,72,40,32,644,219,425,74,27,47
844,6,75,47802,3878,2758,1120,1477,554,923,630,133,497,0,0,0,0,0,0,707,411,296,0,0,0,64,10,54,76,0,76,544,120,424,178,13,165
845,6,75,47901,6837,5394,1443,2679,1529,1150,1566,693,873,38,18,20,0,0,0,989,761,228,0,0,0,0,0,0,86,57,29,1362,670,692,218,23,195
846,6,75,47902,3701,2727,974,1512,715,797,949,352,597,29,0,29,0,0,0,477,344,133,0,0,0,16,0,16,41,19,22,901,328,573,64,24,40
847,6,75,60100,3800,3417,383,1306,35,1271,1177,35,1142,0,0,0,0,0,0,73,0,73,0,0,0,35,0,35,21,0,21,1079,35,1044,133,0,133
848,6,75,60400,1662,1016,646,998,147,851,753,123,630,31,0,31,0,0,0,136,17,119,0,0,0,48,7,41,30,0,30,717,123,594,74,7,67
849,6,75,60502,3416,1256,2160,951,216,735,124,14,110,278,7,271,11,0,11,262,165,97,56,0,56,193,30,163,27,0,27,42,8,34,286,36,250
850,6,75,60700,10239,8298,1941,5186,1734,3452,2452,677,1775,295,0,295,15,0,15,1943,954,989,0,0,0,221,50,171,260,53,207,2311,585,1726,456,142,314
851,6,75,61000,4730,3792,938,1594,973,621,422,253,169,202,124,78,12,12,0,764,509,255,0,0,0,71,44,27,123,31,92,374,235,139,189,48,141
852,6,75,61100,4686,1488,3198,2104,87,2017,128,29,99,19,0,19,18,0,18,1889,58,1831,0,0,0,26,0,26,24,0,24,122,29,93,32,0,32
853,6,75,61200,4195,2404,1791,1184,473,711,274,133,141,311,120,191,15,0,15,317,172,145,0,0,0,235,39,196,32,9,23,201,118,83,323,54,269
854,6,75,61400,6035,4156,1879,2483,1189,1294,1551,874,677,180,21,159,0,0,0,420,263,157,21,0,21,187,14,173,124,17,107,1356,756,600,385,135,250
855,6,75,61500,12893,10771,2122,7352,2883,4469,4063,1499,2564,101,0,101,33,0,33,2777,1280,1497,0,0,0,106,0,106,272,104,168,3863,1447,2416,506,200,306
856,6,75,980200,115,102,13,72,31,41,54,23,31,0,0,0,0,0,0,18,8,10,0,0,0,0,0,0,0,0,0,54,23,31,0,0,0
857,6,75,980300,89,85,4,76,0,76,71,0,71,0,0,0,0,0,0,0,0,0,0,0,0,0,0,0,5,0,5,71,0,71,0,0,0
858,6,75,980401,0,0,0,0,0,0,0,0,0,0,0,0,0,0,0,0,0,0,0,0,0,0,0,0,0,0,0,0,0,0,0,0,0
859,6,75,980501,853,368,485,285,63,222,23,9,14,65,4,61,0,0,0,155,45,110,27,0,27,5,0,5,10,5,5,13,9,4,15,0,15
860,6,75,980600,476,266,210,188,135,53,80,64,16,83,50,33,0,0,0,21,21,0,0,0,0,0,0,0,4,0,4,53,53,0,27,11,16
861,6,75,980900,260,183,77,142,10,132,94,5,89,18,0,18,0,0,0,14,5,9,0,0,0,16,0,16,0,0,0,83,5,78,27,0,27
862,6,75,990100,0,0,0,0,0,0,0,0,0,0,0,0,0,0,0,0,0,0,0,0,0,0,0,0,0,0,0,0,0,0,0,0,0
863,6,81,600100,5198,4278,920,2092,1461,631,1236,849,387,76,36,40,0,0,0,549,396,153,0,0,0,105,105,0,126,75,51,1110,799,311,314,238,76
864,6,81,600200,4192,2893,1299,1155,639,516,161,81,80,72,10,62,0,0,0,641,443,198,48,26,22,221,76,145,12,3,9,118,48,70,267,112,155
865,6,81,600300,3861,3288,573,1219,985,234,414,380,34,35,35,0,24,24,0,652,490,162,0,0,0,77,48,29,17,8,9,304,293,11,211,159,52
866,6,81,600401,3415,3079,336,1075,892,183,355,304,51,85,66,19,0,0,0,564,451,113,0,0,0,43,43,0,28,28,0,194,173,21,214,184,30
867,6,81,600402,5130,3756,1374,1260,934,326,236,171,65,48,21,27,14,14,0,671,550,121,7,7,0,207,121,86,77,50,27,130,78,52,378,279,99
868,6,81,600500,7549,6849,700,2040,1419,621,543,320,223,42,28,14,0,0,0,1016,821,195,0,0,0,331,189,142,108,61,47,407,207,200,498,321,177
869,6,81,600600,5704,4210,1494,1535,861,674,472,214,258,47,26,21,0,0,0,616,452,164,0,0,0,344,157,187,56,12,44,155,64,91,689,315,374
870,6,81,600700,7274,5363,1911,2145,1057,1088,621,318,303,128,40,88,0,0,0,1014,629,385,0,0,0,349,53,296,33,17,16,300,135,165,714,236,478
871,6,81,600800,7363,4332,3031,2720,137,2583,776,60,716,294,0,294,0,0,0,1335,54,1281,0,0,0,221,0,221,94,23,71,626,60,566,409,10,399
872,6,81,600900,3993,2958,1035,1387,983,404,661,496,165,10,0,10,0,0,0,616,429,187,9,9,0,48,41,7,43,8,35,590,450,140,124,87,37
873,6,81,601000,6461,5701,760,1984,1718,266,618,495,123,108,99,9,0,0,0,1079,967,112,28,28,0,78,78,0,73,51,22,466,363,103,271,241,30
874,6,81,601100,6205,5381,824,1902,1372,530,666,466,200,40,12,28,0,0,0,1101,835,266,49,21,28,22,22,0,24,16,8,551,425,126,145,71,74
875,6,81,601200,6784,5560,1224,2140,1151,989,675,428,247,17,0,17,18,18,0,1050,632,418,0,0,0,322,61,261,58,12,46,472,323,149,601,196,405
876,6,81,601300,8765,5713,3052,2552,649,1903,625,101,524,116,13,103,0,0,0,1035,351,684,0,0,0,741,169,572,35,15,20,416,66,350,977,213,764
877,6,81,601400,7398,5381,2017,2142,1302,840,451,315,136,99,18,81,0,0,0,1452,920,532,0,0,0,112,33,79,28,16,12,309,246,63,277,125,152
878,6,81,601501,5389,4644,745,1354,921,433,310,264,46,0,0,0,7,7,0,921,603,318,8,8,0,72,12,60,36,27,9,237,191,46,85,85,0
879,6,81,601502,5205,3503,1702,1758,227,1531,384,52,332,77,8,69,0,0,0,924,150,774,57,9,48,288,8,280,28,0,28,305,28,277,391,32,359
880,6,81,601601,2744,2128,616,874,599,275,409,271,138,62,13,49,10,10,0,307,235,72,0,0,0,62,56,6,24,14,10,261,194,67,236,150,86
881,6,81,601603,5992,5161,831,1890,1235,655,525,284,241,64,50,14,0,0,0,1202,845,357,7,7,0,83,40,43,9,9,0,389,210,179,232,105,127
882,6,81,601604,2821,2372,449,1106,732,374,511,330,181,12,12,0,0,0,0,403,305,98,8,8,0,110,28,82,62,49,13,470,309,161,154,66,88
883,6,81,601605,6513,5446,1067,1758,1226,532,266,237,29,73,0,73,15,0,15,1301,961,340,9,9,0,84,9,75,10,10,0,200,182,18,150,64,86
884,6,81,601700,4542,4010,532,1323,1058,265,653,546,107,2,2,0,0,0,0,424,349,75,12,12,0,198,123,75,34,26,8,504,397,107,347,272,75
885,6,81,601800,7185,6080,1105,2094,1790,304,1224,1044,180,0,0,0,0,0,0,616,616,0,43,43,0,163,67,96,48,20,28,793,763,30,594,348,246
886,6,81,601901,4502,3637,865,1392,845,547,721,460,261,8,0,8,0,0,0,486,317,169,0,0,0,155,62,93,22,6,16,430,308,122,460,220,240
887,6,81,601902,5552,4535,1017,2172,843,1329,850,412,438,82,31,51,0,0,0,868,299,569,30,30,0,286,47,239,56,24,32,629,298,331,546,168,378
888,6,81,602000,8038,6101,1937,2442,1843,599,1069,922,147,16,0,16,0,0,0,867,721,146,59,59,0,395,128,267,36,13,23,804,693,111,676,350,326
889,6,81,602100,3346,2023,1323,956,243,713,361,119,242,56,0,56,9,2,7,143,79,64,29,10,19,311,33,278,47,0,47,118,41,77,570,111,459
890,6,81,602200,7806,4939,2867,2420,303,2117,1296,207,1089,141,0,141,14,0,14,236,48,188,62,14,48,496,34,462,175,0,175,533,79,454,1253,162,1091
891,6,81,602300,3978,2735,1243,1118,761,357,484,273,211,19,19,0,16,16,0,336,276,60,29,29,0,174,98,76,60,50,10,259,168,91,444,238,206
892,6,81,602400,7262,5917,1345,2676,1606,1070,1493,987,506,57,13,44,0,0,0,670,402,268,31,31,0,301,62,239,124,111,13,1176,878,298,653,171,482
893,6,81,602500,5641,5061,580,1515,1291,224,402,348,54,65,56,9,0,0,0,909,786,123,37,37,0,37,28,9,65,36,29,324,270,54,123,114,9
894,6,81,602600,7934,6604,1330,2702,1956,746,393,296,97,135,25,110,0,0,0,1983,1533,450,30,30,0,123,47,76,38,25,13,322,225,97,225,157,68
895,6,81,602700,6056,5192,864,1944,1156,788,950,555,395,139,54,85,0,0,0,610,418,192,61,34,27,138,59,79,46,36,10,726,463,263,383,172,211
896,6,81,602800,4652,4146,506,1499,1117,382,752,559,193,86,17,69,0,0,0,493,409,84,8,0,8,51,51,0,109,81,28,630,446,184,216,179,37
897,6,81,602900,3799,3109,690,1574,867,707,1157,698,459,67,44,23,0,0,0,242,84,158,0,0,0,45,11,34,63,30,33,1024,634,390,189,75,114
898,6,81,603000,4353,3556,797,1828,896,932,1501,742,759,30,10,20,21,0,21,160,106,54,13,0,13,68,30,38,35,8,27,1373,693,680,215,87,128
899,6,81,603100,3508,3073,435,1227,977,250,992,833,159,21,21,0,8,0,8,87,87,0,0,0,0,84,20,64,35,16,19,917,772,145,180,87,93
900,6,81,603200,3598,3030,568,1357,1053,304,1105,874,231,8,8,0,0,0,0,121,78,43,0,0,0,42,42,0,81,51,30,1022,818,204,160,120,40
901,6,81,603300,6732,6140,592,2358,1818,540,1940,1543,397,9,9,0,0,0,0,215,206,9,0,0,0,0,0,0,194,60,134,1787,1418,369,243,173,70
902,6,81,603400,5949,5255,694,2111,1578,533,1724,1391,333,0,0,0,0,0,0,276,107,169,0,0,0,59,42,17,52,38,14,1510,1275,235,289,174,115
903,6,81,603700,5731,4442,1289,1729,1377,352,803,725,78,57,37,20,10,0,10,541,497,44,82,0,82,159,72,87,77,46,31,698,631,67,277,160,117
904,6,81,603801,2328,2049,279,1179,772,407,569,387,182,0,0,0,0,0,0,460,311,149,0,0,0,121,54,67,29,20,9,483,321,162,218,140,78
905,6,81,603802,5000,4424,576,1872,1239,633,1263,838,425,38,17,21,0,0,0,374,338,36,6,0,6,125,30,95,66,16,50,1154,763,391,253,110,143
906,6,81,603900,5611,5002,609,2089,1111,978,1348,811,537,53,12,41,0,0,0,395,178,217,0,0,0,202,19,183,91,91,0,1176,702,474,431,185,246
907,6,81,604000,3229,2880,349,1110,886,224,775,643,132,0,0,0,0,0,0,260,201,59,0,0,0,23,19,4,52,23,29,683,594,89,144,68,76
908,6,81,604101,8188,5725,2463,2507,629,1878,1464,364,1100,42,0,42,0,0,0,533,189,344,152,54,98,300,22,278,16,0,16,788,270,518,950,116,834
909,6,81,604102,2923,2255,668,1579,541,1038,661,206,455,110,15,95,0,0,0,633,270,363,80,0,80,70,33,37,25,17,8,497,151,346,239,123,116
910,6,81,604200,4060,3085,975,1110,628,482,670,314,356,0,0,0,0,0,0,238,157,81,23,23,0,109,100,9,70,34,36,388,163,225,452,263,189
911,6,81,604400,4783,4041,742,1750,665,1085,661,201,460,9,0,9,13,0,13,798,365,433,17,0,17,177,56,121,75,43,32,418,176,242,438,87,351
912,6,81,604500,3729,3231,498,1299,930,369,770,561,209,13,13,0,17,0,17,440,340,100,0,0,0,9,0,9,50,16,34,684,515,169,111,62,49
913,6,81,604600,2897,2495,402,954,835,119,502,444,58,0,0,0,0,0,0,427,380,47,0,0,0,6,6,0,19,5,14,445,387,58,67,63,4
914,6,81,604700,2686,2397,289,954,757,197,498,430,68,0,0,0,4,0,4,418,315,103,16,0,16,6,0,6,12,12,0,459,396,63,45,34,11
915,6,81,604800,4958,4270,688,1884,799,1085,1106,463,643,11,0,11,12,0,12,695,317,378,6,0,6,18,0,18,36,19,17,874,412,462,250,51,199
916,6,81,604900,3199,2849,350,1217,992,225,556,439,117,0,0,0,0,0,0,643,543,100,0,0,0,10,10,0,8,0,8,513,420,93,53,29,24
917,6,81,605000,8209,6613,1596,2895,1738,1157,1685,1093,592,100,39,61,0,0,0,1004,595,409,0,0,0,75,0,75,31,11,20,1524,1051,473,250,42,208
918,6,81,605100,3166,2783,383,1420,560,860,989,398,591,0,0,0,0,0,0,273,109,164,0,0,0,53,27,26,105,26,79,945,390,555,106,35,71
919,6,81,605200,3745,3370,375,1262,1013,249,1010,836,174,12,0,12,0,0,0,201,158,43,0,0,0,15,3,12,24,16,8,910,756,154,123,83,40
920,6,81,605300,4702,3972,730,1845,1012,833,1415,797,618,21,12,9,40,0,40,282,178,104,0,0,0,37,6,31,50,19,31,1337,752,585,163,51,112
921,6,81,605400,5813,4875,938,2441,1104,1337,1721,946,775,32,0,32,14,0,14,375,130,245,0,0,0,204,0,204,95,28,67,1590,905,685,312,41,271
922,6,81,605500,5285,4278,1007,2751,652,2099,1958,592,1366,39,0,39,26,11,15,489,49,440,72,0,72,60,0,60,107,0,107,1706,580,1126,378,12,366
923,6,81,605600,5981,5495,486,1934,1789,145,1336,1205,131,12,12,0,0,0,0,511,497,14,0,0,0,0,0,0,75,75,0,1321,1205,116,26,11,15
924,6,81,605700,5331,5180,151,1771,1621,150,1199,1089,110,26,13,13,0,0,0,494,467,27,0,0,0,27,27,0,25,25,0,1141,1031,110,71,71,0
925,6,81,605800,2607,2499,108,972,789,183,760,663,97,17,9,8,0,0,0,116,57,59,0,0,0,19,0,19,60,60,0,717,643,74,62,20,42
926,6,81,605900,5916,4387,1529,2585,875,1710,1688,550,1138,14,0,14,13,0,13,531,240,291,0,0,0,229,31,198,110,54,56,1319,501,818,549,80,469
927,6,81,606000,5866,2982,2884,2124,864,1260,1338,587,751,128,35,93,15,0,15,364,229,135,13,13,0,266,0,266,0,0,0,845,544,301,759,43,716
928,6,81,606100,4671,2839,1832,1310,822,488,636,521,115,60,18,42,26,14,12,286,189,97,57,29,28,187,15,172,58,36,22,517,450,67,361,118,243
929,6,81,606200,8036,4444,3592,2256,665,1591,1280,320,960,216,16,200,14,0,14,387,293,94,116,0,116,169,36,133,74,0,74,520,251,269,981,105,876
930,6,81,606300,4362,3475,887,1831,827,1004,1297,626,671,27,17,10,0,0,0,371,184,187,0,0,0,123,0,123,13,0,13,1102,600,502,335,43,292
931,6,81,606400,5153,4273,880,2530,939,1591,1915,719,1196,46,0,46,0,0,0,510,220,290,0,0,0,16,0,16,43,0,43,1655,699,956,276,20,256
932,6,81,606500,3347,3204,143,1251,1175,76,1023,972,51,0,0,0,0,0,0,189,180,9,0,0,0,9,0,9,30,23,7,949,898,51,83,74,9
933,6,81,606600,3688,3160,528,1452,850,602,995,627,368,0,0,0,9,0,9,250,194,56,27,0,27,147,21,126,24,8,16,924,595,329,227,53,174
934,6,81,606700,2383,2301,82,955,813,142,683,584,99,0,0,0,3,3,0,238,204,34,0,0,0,9,4,5,22,18,4,635,557,78,60,34,26
935,6,81,606800,3434,3296,138,1269,983,286,854,580,274,9,9,0,0,0,0,354,342,12,0,0,0,0,0,0,52,52,0,832,558,274,22,22,0
936,6,81,606900,2401,2178,223,917,750,167,654,518,136,0,0,0,0,0,0,215,215,0,0,0,0,5,5,0,43,12,31,634,506,128,56,17,39
937,6,81,607000,3441,3050,391,1384,854,530,960,576,384,16,0,16,14,14,0,285,244,41,0,0,0,0,0,0,109,20,89,851,538,313,122,38,84
938,6,81,607100,3173,2878,295,1079,1002,77,829,765,64,0,0,0,0,0,0,240,237,3,0,0,0,10,0,10,0,0,0,829,765,64,15,5,10
939,6,81,607200,4126,3453,673,1718,456,1262,951,267,684,46,17,29,0,0,0,513,162,351,0,0,0,157,0,157,51,10,41,769,231,538,365,36,329
940,6,81,607300,3566,3201,365,1327,1138,189,1056,888,168,0,0,0,7,7,0,210,189,21,0,0,0,15,15,0,39,39,0,987,836,151,84,67,17
941,6,81,607400,4763,3538,1225,1886,864,1022,1161,599,562,33,24,9,11,0,11,500,162,338,0,0,0,73,9,64,108,70,38,982,574,408,320,76,244
942,6,81,607500,4227,3430,797,1606,618,988,942,351,591,64,13,51,0,0,0,409,190,219,34,17,17,93,27,66,64,20,44,766,318,448,293,66,227
943,6,81,607600,3445,2628,817,1259,844,415,915,589,326,35,7,28,0,0,0,187,181,6,0,0,0,32,14,18,90,53,37,638,504,134,358,120,238
944,6,81,607701,4106,2560,1546,1185,714,471,639,413,226,11,11,0,0,0,0,247,183,64,82,40,42,157,52,105,49,15,34,434,277,157,406,211,195
945,6,81,607702,2757,2275,482,798,594,204,439,340,99,16,11,5,0,0,0,149,142,7,29,23,6,95,40,55,70,38,32,331,271,60,237,126,111
946,6,81,607800,3415,2798,617,990,837,153,570,494,76,7,7,0,0,0,0,284,271,13,37,10,27,67,31,36,25,24,1,484,433,51,158,97,61
947,6,81,607900,3119,2714,405,1658,908,750,956,634,322,24,0,24,0,0,0,587,256,331,0,0,0,10,10,0,81,8,73,930,616,314,55,28,27
948,6,81,608001,3700,3205,495,1606,769,837,775,445,330,28,18,10,0,0,0,751,288,463,0,0,0,12,0,12,40,18,22,709,436,273,120,41,79
949,6,81,608002,3600,3468,132,1364,1098,266,864,680,184,46,18,28,3,3,0,407,365,42,0,0,0,0,0,0,44,32,12,826,671,155,46,17,29
950,6,81,608004,6931,6300,631,3141,1344,1797,1630,734,896,56,0,56,0,0,0,1380,610,770,14,0,14,0,0,0,61,0,61,1557,721,836,73,13,60
951,6,81,608013,4555,4024,531,1685,941,744,925,318,607,10,10,0,9,0,9,716,596,120,0,0,0,10,10,0,15,7,8,824,299,525,101,19,82
952,6,81,608023,2718,2484,234,908,783,125,418,363,55,18,5,13,6,6,0,444,398,46,0,0,0,11,11,0,11,0,11,401,346,55,23,23,0
953,6,81,608100,3766,3392,374,1437,852,585,609,490,119,63,9,54,0,0,0,663,338,325,0,0,0,49,0,49,53,15,38,556,461,95,102,29,73
954,6,81,608200,3810,3458,352,1349,942,407,788,531,257,7,0,7,0,0,0,485,367,118,0,0,0,0,0,0,69,44,25,744,515,229,67,28,39
955,6,81,608300,3726,3431,295,1416,717,699,654,332,322,58,45,13,0,0,0,662,326,336,0,0,0,10,0,10,32,14,18,632,320,312,32,12,20
956,6,81,608400,6262,5351,911,2175,694,1481,1232,463,769,0,0,0,0,0,0,672,173,499,61,0,61,132,11,121,78,47,31,1039,402,637,372,77,295
957,6,81,608501,4901,4104,797,1658,1177,481,1220,855,365,12,0,12,0,0,0,267,229,38,12,0,12,53,16,37,94,77,17,1059,755,304,255,157,98
958,6,81,608502,2627,2212,415,1180,622,558,742,387,355,12,0,12,17,0,17,352,203,149,0,0,0,34,22,12,23,10,13,608,324,284,177,85,92
959,6,81,608600,4481,3509,972,1705,715,990,910,418,492,54,17,37,0,0,0,565,207,358,0,0,0,82,24,58,94,49,45,729,361,368,312,117,195
960,6,81,608700,6968,6341,627,2607,1811,796,1779,1315,464,47,0,47,0,0,0,568,441,127,0,0,0,87,0,87,126,55,71,1707,1258,449,195,69,126
961,6,81,608800,5986,5667,319,2100,1893,207,1488,1301,187,14,14,0,11,11,0,568,548,20,0,0,0,0,0,0,19,19,0,1413,1250,163,75,51,24
962,6,81,608900,6783,5731,1052,2944,1098,1846,1999,665,1334,56,28,28,0,0,0,687,370,317,57,0,57,77,22,55,68,13,55,1829,574,1255,296,113,183
963,6,81,609000,2479,2129,350,953,702,251,748,564,184,25,16,9,5,5,0,133,104,29,0,0,0,29,0,29,13,13,0,670,525,145,107,39,68
964,6,81,609100,1612,1169,443,568,427,141,437,339,98,0,0,0,0,0,0,92,70,22,0,0,0,21,4,17,18,14,4,349,269,80,120,85,35
965,6,81,609201,3681,3231,450,1588,915,673,1298,824,474,18,0,18,0,0,0,214,85,129,0,0,0,30,6,24,28,0,28,1234,775,459,104,49,55
966,6,81,609202,4231,3351,880,1945,534,1411,1524,471,1053,58,10,48,0,0,0,235,43,192,9,0,9,82,10,72,37,0,37,1353,402,951,260,79,181
967,6,81,609300,3564,3233,331,1248,1036,212,1099,939,160,20,0,20,0,0,0,107,82,25,0,0,0,7,0,7,15,15,0,1041,905,136,85,34,51
968,6,81,609400,3573,3343,230,1113,1006,107,1010,911,99,0,0,0,0,0,0,79,75,4,0,0,0,0,0,0,24,20,4,935,836,99,75,75,0
969,6,81,609500,4999,4704,295,1742,1498,244,1433,1222,211,0,0,0,0,0,0,251,239,12,0,0,0,26,14,12,32,23,9,1335,1159,176,130,83,47
970,6,81,609601,2923,2523,400,1168,795,373,950,657,293,26,0,26,0,0,0,153,109,44,0,0,0,7,7,0,32,22,10,917,651,266,40,13,27
971,6,81,609602,1715,1566,149,678,633,45,588,548,40,0,0,0,0,0,0,81,81,0,0,0,0,0,0,0,9,4,5,575,535,40,13,13,0
972,6,81,609603,5122,4716,406,1981,1798,183,1694,1548,146,0,0,0,0,0,0,218,218,0,15,0,15,0,0,0,54,32,22,1600,1477,123,94,71,23
973,6,81,609700,4651,4214,437,1678,1512,166,1511,1383,128,16,8,8,0,0,0,63,43,20,0,0,0,40,40,0,48,38,10,1395,1275,120,156,148,8
974,6,81,609800,4671,4288,383,1694,1288,406,1488,1158,330,11,11,0,0,0,0,140,85,55,9,0,9,21,21,0,25,13,12,1266,992,274,241,173,68
975,6,81,609900,3145,2770,375,1082,938,144,966,885,81,0,0,0,0,0,0,44,17,27,0,0,0,10,10,0,62,26,36,864,793,71,120,102,18
976,6,81,610000,4763,4294,469,2073,897,1176,1620,752,868,19,0,19,0,0,0,228,119,109,0,0,0,136,17,119,70,9,61,1448,644,804,322,134,188
977,6,81,610100,2426,1700,726,925,462,463,726,392,334,5,0,5,18,0,18,48,36,12,0,0,0,113,27,86,15,7,8,515,331,184,334,88,246
978,6,81,610201,6015,3202,2813,1770,454,1316,1067,279,788,79,0,79,11,11,0,198,42,156,0,0,0,396,122,274,19,0,19,459,130,329,1027,282,745
979,6,81,610202,1720,991,729,828,36,792,542,32,510,34,4,30,8,0,8,118,0,118,0,0,0,112,0,112,14,0,14,423,10,413,247,22,225
980,6,81,610203,3964,1713,2251,1040,95,945,555,55,500,19,5,14,18,0,18,65,0,65,30,0,30,321,27,294,32,8,24,122,23,99,789,67,722
981,6,81,610302,2561,1626,935,923,534,389,643,344,299,5,5,0,11,11,0,110,74,36,22,0,22,101,83,18,31,17,14,477,260,217,308,186,122
982,6,81,610303,8094,7654,440,3253,2075,1178,1883,981,902,60,0,60,0,0,0,1133,950,183,0,0,0,88,55,33,89,89,0,1758,902,856,213,134,79
983,6,81,610304,4532,4109,423,1898,1548,350,1234,1028,206,60,22,38,0,0,0,535,471,64,0,0,0,33,8,25,36,19,17,1170,975,195,126,70,56
984,6,81,610400,6241,3302,2939,1698,603,1095,914,358,556,123,0,123,24,0,24,75,50,25,27,12,15,475,155,320,60,28,32,442,177,265,1015,358,657
985,6,81,610500,5257,2309,2948,1378,766,612,891,511,380,8,8,0,3,0,3,145,75,70,22,0,22,274,172,102,35,0,35,400,279,121,803,413,390
986,6,81,610601,6056,2602,3454,1677,500,1177,818,328,490,18,7,11,8,0,8,169,35,134,0,0,0,629,120,509,35,10,25,315,198,117,1153,250,903
987,6,81,610602,3760,2705,1055,1215,954,261,907,736,171,0,0,0,0,0,0,102,102,0,0,0,0,197,107,90,9,9,0,774,638,136,320,195,125
988,6,81,610700,5191,3962,1229,2163,911,1252,1664,633,1031,5,5,0,0,0,0,233,142,91,25,0,25,211,118,93,25,13,12,1294,570,724,581,181,400
989,6,81,610800,5168,2915,2253,1688,164,1524,1060,127,933,24,12,12,0,0,0,168,19,149,0,0,0,390,0,390,46,6,40,592,106,486,891,27,864
990,6,81,610900,6950,4347,2603,2543,704,1839,1466,523,943,17,17,0,26,0,26,238,63,175,0,0,0,747,89,658,49,12,37,1086,478,608,1201,161,1040
991,6,81,611000,6410,5488,922,2320,1205,1115,1867,1039,828,56,0,56,0,0,0,220,114,106,0,0,0,88,34,54,89,18,71,1399,850,549,571,223,348
992,6,81,611100,6289,5961,328,2325,2064,261,2126,1899,227,0,0,0,0,0,0,159,140,19,0,0,0,0,0,0,40,25,15,1916,1739,177,210,160,50
993,6,81,611200,2901,2657,244,1061,881,180,946,809,137,0,0,0,0,0,0,23,11,12,0,0,0,41,29,12,51,32,19,808,691,117,192,160,32
994,6,81,611300,5453,4817,636,2019,1333,686,1672,1199,473,20,12,8,0,0,0,177,90,87,0,0,0,96,15,81,54,17,37,1569,1161,408,229,53,176
995,6,81,611400,3971,3665,306,1411,1292,119,1258,1151,107,0,0,0,0,0,0,137,125,12,0,0,0,0,0,0,16,16,0,1245,1151,94,13,0,13
996,6,81,611500,2709,2590,119,920,873,47,732,704,28,0,0,0,0,0,0,166,153,13,0,0,0,10,10,0,12,6,6,709,681,28,33,33,0
997,6,81,611600,2249,2030,219,793,652,141,665,554,111,22,7,15,0,0,0,85,78,7,0,0,0,7,7,0,14,6,8,631,523,108,41,38,3
998,6,81,611700,5334,3169,2165,1371,619,752,457,169,288,410,206,204,32,12,20,69,60,9,69,39,30,311,121,190,23,12,11,116,54,62,679,243,436
999,6,81,611800,3958,2518,1440,832,514,318,277,160,117,230,168,62,11,5,6,16,9,7,79,38,41,194,113,81,25,21,4,54,32,22,441,259,182
1000,6,81,611900,10164,5944,4220,2637,1155,1482,951,472,479,539,236,303,0,0,0,168,168,0,128,15,113,672,166,506,179,98,81,386,247,139,1191,391,800
1001,6,81,612000,7365,4581,2784,1542,637,905,495,128,367,315,253,62,0,0,0,48,38,10,129,49,80,493,159,334,62,10,52,65,50,15,933,247,686
1002,6,81,612100,8817,4088,4729,2744,432,2312,1447,299,1148,307,8,299,0,0,0,197,109,88,190,0,190,560,16,544,43,0,43,684,283,401,1338,32,1306
1003,6,81,612500,4154,3933,221,1870,794,1076,1541,682,859,23,0,23,0,0,0,202,86,116,0,0,0,18,0,18,86,26,60,1389,644,745,186,38,148
1004,6,81,612600,4563,4006,557,2018,639,1379,1572,464,1108,0,0,0,0,0,0,370,175,195,0,0,0,40,0,40,36,0,36,1518,464,1054,54,0,54
1005,6,81,612700,2104,1954,150,733,668,65,667,608,59,0,0,0,0,0,0,61,55,6,0,0,0,5,5,0,0,0,0,642,592,50,30,21,9
1006,6,81,612800,3288,3158,130,985,875,110,877,794,83,0,0,0,0,0,0,59,40,19,0,0,0,0,0,0,49,41,8,831,756,75,46,38,8
1007,6,81,612900,4601,4208,393,1717,1332,385,1388,1119,269,18,5,13,0,0,0,273,199,74,0,0,0,12,0,12,26,9,17,1312,1060,252,100,71,29
1008,6,81,613000,3484,2934,550,1419,949,470,1142,847,295,0,0,0,0,0,0,268,102,166,0,0,0,0,0,0,9,0,9,1121,838,283,30,9,21
1009,6,81,613200,6724,6330,394,2622,2274,348,2297,2018,279,13,13,0,0,0,0,137,118,19,0,0,0,105,55,50,70,70,0,2279,2000,279,68,18,50
1010,6,81,613300,2713,2437,276,946,888,58,850,802,48,0,0,0,0,0,0,58,53,5,0,0,0,11,11,0,27,22,5,800,752,48,61,61,0
1011,6,81,613400,3145,2797,348,1159,962,197,1087,900,187,0,0,0,0,0,0,29,29,0,0,0,0,15,5,10,28,28,0,1023,864,159,89,51,38
1012,6,81,613501,4825,3758,1067,1638,1083,555,1349,903,446,24,13,11,0,0,0,77,64,13,0,0,0,135,64,71,53,39,14,1129,811,318,368,169,199
1013,6,81,613502,6478,5339,1139,2335,1878,457,2141,1825,316,0,0,0,0,0,0,101,19,82,0,0,0,59,0,59,34,34,0,2028,1712,316,172,113,59
1014,6,81,613600,6491,6033,458,2297,1840,457,2004,1705,299,0,0,0,0,0,0,115,47,68,0,0,0,145,55,90,33,33,0,1886,1653,233,339,140,199
1015,6,81,613700,8922,7205,1717,3706,2576,1130,3078,2231,847,0,0,0,0,0,0,224,175,49,0,0,0,258,104,154,146,66,80,2738,2082,656,620,253,367
1016,6,81,613800,3689,2491,1198,1381,884,497,1315,835,480,8,8,0,8,0,8,9,9,0,9,9,0,17,8,9,15,15,0,1204,826,378,119,17,102
1017,6,81,613900,6599,5671,928,2069,1332,737,1550,997,553,45,18,27,29,15,14,298,217,81,22,22,0,53,25,28,72,38,34,1418,961,457,238,114,124
1018,6,81,614000,5533,4932,601,1665,1140,525,756,489,267,34,34,0,0,0,0,733,548,185,13,13,0,51,28,23,78,28,50,621,381,240,219,136,83
1019,6,81,984300,0,0,0,0,0,0,0,0,0,0,0,0,0,0,0,0,0,0,0,0,0,0,0,0,0,0,0,0,0,0,0,0,0
1020,6,81,990100,0,0,0,0,0,0,0,0,0,0,0,0,0,0,0,0,0,0,0,0,0,0,0,0,0,0,0,0,0,0,0,0,0
1021,6,85,500100,7714,5266,2448,2395,921,1474,882,309,573,33,18,15,34,0,34,639,357,282,0,0,0,739,169,570,68,68,0,508,244,264,1125,234,891
1022,6,85,500200,5529,3856,1673,2145,585,1560,1116,357,759,123,15,108,0,0,0,418,127,291,30,0,30,351,64,287,107,22,85,906,302,604,621,119,502
1023,6,85,500300,3790,2731,1059,1464,723,741,836,385,451,103,30,73,16,0,16,281,173,108,0,0,0,103,86,17,125,49,76,675,313,362,298,177,121
1024,6,85,500400,2417,1769,648,997,334,663,749,290,459,34,0,34,10,0,10,67,27,40,5,0,5,118,13,105,14,4,10,582,260,322,297,43,254
1025,6,85,500500,5320,4413,907,2051,1449,602,1502,1126,376,33,17,16,0,0,0,336,207,129,0,0,0,113,46,67,67,53,14,1357,1012,345,310,198,112
1026,6,85,500600,5140,4202,938,2364,842,1522,1514,772,742,151,0,151,75,13,62,363,12,351,0,0,0,176,36,140,85,9,76,1215,648,567,573,182,391
1027,6,85,500800,3625,2561,1064,1764,619,1145,1011,478,533,76,0,76,0,0,0,421,90,331,0,0,0,203,12,191,53,39,14,823,408,415,403,94,309
1028,6,85,500901,4064,2504,1560,2063,340,1723,819,255,564,151,10,141,0,0,0,786,45,741,9,0,9,235,21,214,63,9,54,718,246,472,336,20,316
1029,6,85,500902,1758,532,1226,610,16,594,150,7,143,23,0,23,16,0,16,246,9,237,0,0,0,125,0,125,50,0,50,114,3,111,197,4,193
1030,6,85,501000,4615,2286,2329,1997,326,1671,834,208,626,156,0,156,0,0,0,460,39,421,20,0,20,387,79,308,140,0,140,550,196,354,773,91,682
1031,6,85,501101,4547,3062,1485,1944,343,1601,881,219,662,209,0,209,0,0,0,495,104,391,0,0,0,271,10,261,88,10,78,594,193,401,600,36,564
1032,6,85,501102,4947,3433,1514,1379,934,445,822,584,238,56,47,9,0,0,0,130,67,63,0,0,0,295,191,104,76,45,31,491,393,98,645,389,256
1033,6,85,501200,4418,2544,1874,1373,405,968,647,252,395,96,50,46,44,8,36,204,41,163,0,0,0,374,54,320,8,0,8,403,179,224,659,135,524
1034,6,85,501300,4084,2073,2011,1138,513,625,708,457,251,80,17,63,31,0,31,197,17,180,0,0,0,101,9,92,21,13,8,618,425,193,298,54,244
1035,6,85,501401,3487,1903,1584,1037,318,719,376,155,221,48,4,44,9,0,9,184,55,129,0,0,0,381,85,296,39,19,20,182,104,78,598,150,448
1036,6,85,501402,3257,1617,1640,917,299,618,421,141,280,21,5,16,5,0,5,95,57,38,37,0,37,323,92,231,15,4,11,186,89,97,563,144,419
1037,6,85,501501,4850,2110,2740,1322,568,754,373,97,276,30,9,21,0,0,0,407,240,167,9,0,9,493,222,271,10,0,10,170,74,96,696,245,451
1038,6,85,501502,4609,2542,2067,1181,608,573,541,249,292,13,0,13,17,17,0,197,146,51,0,0,0,387,170,217,26,26,0,192,92,100,769,360,409
1039,6,85,501600,7030,3095,3935,2495,458,2037,1244,298,946,190,0,190,51,9,42,392,117,275,54,0,54,430,34,396,134,0,134,964,282,682,725,50,675
1040,6,85,501700,4976,1986,2990,1344,260,1084,667,145,522,23,0,23,17,0,17,47,0,47,0,0,0,537,79,458,53,36,17,298,108,190,976,152,824
1041,6,85,501800,5321,3803,1518,1737,1138,599,1092,792,300,12,0,12,20,20,0,126,97,29,7,7,0,444,194,250,36,28,8,824,634,190,712,352,360
1042,6,85,501900,5364,4147,1217,2637,762,1875,1483,390,1093,114,7,107,15,15,0,571,216,355,0,0,0,259,66,193,195,68,127,1302,378,924,450,77,373
1043,6,85,502001,5562,3667,1895,2113,803,1310,1112,541,571,122,9,113,7,0,7,247,113,134,0,0,0,511,120,391,114,20,94,794,481,313,845,187,658
1044,6,85,502002,5135,2493,2642,1653,372,1281,747,259,488,82,0,82,10,0,10,179,78,101,0,0,0,535,26,509,100,9,91,482,202,280,839,83,756
1045,6,85,502101,4905,3926,979,1935,1259,676,1396,886,510,10,0,10,15,15,0,397,326,71,0,0,0,61,0,61,56,32,24,1148,777,371,338,131,207
1046,6,85,502102,7455,4387,3068,2693,537,2156,1454,309,1145,244,36,208,10,0,10,484,148,336,0,0,0,453,44,409,48,0,48,969,288,681,1033,65,968
1047,6,85,502201,6941,4700,2241,3032,565,2467,1821,399,1422,252,0,252,0,0,0,580,134,446,0,0,0,164,0,164,215,32,183,1388,399,989,615,0,615
1048,6,85,502202,3122,2626,496,1446,770,676,1082,612,470,0,0,0,40,11,29,200,118,82,0,0,0,53,0,53,71,29,42,958,559,399,232,65,167
1049,6,85,502301,3524,3094,430,1354,724,630,1063,614,449,32,0,32,10,0,10,124,53,71,0,0,0,77,17,60,48,40,8,945,553,392,201,92,109
1050,6,85,502302,2813,2371,442,1275,421,854,1031,393,638,22,0,22,8,0,8,86,17,69,0,0,0,88,6,82,40,5,35,880,355,525,249,44,205
1051,6,85,502400,7037,5893,1144,2775,2195,580,2183,1881,302,109,0,109,0,0,0,264,171,93,53,0,53,75,52,23,91,91,0,1935,1673,262,436,275,161
1052,6,85,502500,6412,5882,530,2461,2064,397,2011,1679,332,0,0,0,67,67,0,272,232,40,0,0,0,29,15,14,82,71,11,1901,1596,305,278,226,52
1053,6,85,502601,2735,2301,434,1207,867,340,1027,707,320,0,0,0,8,8,0,132,132,0,0,0,0,20,20,0,20,0,20,976,682,294,79,53,26
1054,6,85,502603,2497,2279,218,976,640,336,794,518,276,0,0,0,6,0,6,102,97,5,0,0,0,54,5,49,20,20,0,720,485,235,134,38,96
1055,6,85,502604,4247,3525,722,1990,603,1387,1484,498,986,139,0,139,0,0,0,310,105,205,0,0,0,13,0,13,44,0,44,1307,418,889,203,80,123
1056,6,85,502701,4907,3808,1099,1972,1110,862,1451,861,590,73,0,73,13,13,0,262,193,69,0,0,0,68,21,47,105,22,83,1268,781,487,290,101,189
1057,6,85,502702,7452,6402,1050,2984,2056,928,2257,1495,762,22,22,0,0,0,0,541,475,66,0,0,0,108,64,44,56,0,56,2035,1402,633,342,157,185
1058,6,85,502800,4348,3834,514,1444,1134,310,1099,855,244,8,8,0,54,54,0,214,161,53,0,0,0,8,8,0,61,48,13,932,774,158,273,178,95
1059,6,85,502901,6335,5293,1042,2231,1277,954,1666,1057,609,47,0,47,0,0,0,354,211,143,0,0,0,155,0,155,9,9,0,1406,1001,405,415,56,359
1060,6,85,502902,7433,6534,899,2707,2357,350,1991,1740,251,0,0,0,58,36,22,531,454,77,0,0,0,19,19,0,108,108,0,1679,1539,140,433,300,133
1061,6,85,502903,5307,4758,549,1924,1615,309,1548,1336,212,49,34,15,8,8,0,203,190,13,0,0,0,55,12,43,61,35,26,1365,1178,187,262,194,68
1062,6,85,502906,4338,3323,1015,1539,1063,476,1177,889,288,28,0,28,0,0,0,237,121,116,0,0,0,26,18,8,71,35,36,1019,779,240,201,145,56
1063,6,85,502907,3773,3352,421,1314,1135,179,1003,867,136,39,39,0,0,0,0,174,163,11,23,0,23,31,31,0,44,35,9,911,784,127,142,133,9
1064,6,85,502908,6878,5929,949,2422,1788,634,1830,1355,475,37,14,23,0,0,0,354,281,73,0,0,0,98,35,63,103,103,0,1591,1195,396,374,232,142
1065,6,85,502909,5406,4158,1248,2077,1053,1024,1517,833,684,88,15,73,42,0,42,242,138,104,6,0,6,74,19,55,108,48,60,1140,671,469,516,190,326
1066,6,85,502910,3390,2845,545,1373,629,744,1020,483,537,13,0,13,11,0,11,222,125,97,0,0,0,91,14,77,16,7,9,806,440,366,305,57,248
1067,6,85,503001,4120,3712,408,1634,1361,273,1500,1233,267,0,0,0,0,0,0,75,75,0,0,0,0,14,14,0,45,39,6,1446,1179,267,68,68,0
1068,6,85,503002,3479,2818,661,1200,856,344,955,686,269,54,10,44,0,0,0,162,131,31,0,0,0,10,10,0,19,19,0,812,616,196,153,80,73
1069,6,85,503003,5565,5137,428,1836,1582,254,1334,1185,149,44,44,0,0,0,0,223,202,21,11,0,11,93,54,39,131,97,34,1190,1050,140,246,189,57
1070,6,85,503105,2316,1161,1155,765,253,512,147,80,67,8,0,8,0,0,0,533,151,382,11,11,0,62,11,51,4,0,4,72,41,31,137,50,87
1071,6,85,503108,8064,6137,1927,2781,1233,1548,1440,472,968,126,77,49,20,0,20,746,536,210,0,0,0,337,74,263,112,74,38,913,364,549,916,189,727
1072,6,85,503110,5458,1716,3742,1151,273,878,246,37,209,23,8,15,0,0,0,383,174,209,0,0,0,473,54,419,26,0,26,15,8,7,730,83,647
1073,6,85,503111,5251,3850,1401,1127,796,331,408,297,111,37,10,27,14,0,14,478,355,123,0,0,0,185,129,56,5,5,0,83,74,9,510,352,158
1074,6,85,503112,3868,2325,1543,1462,502,960,594,198,396,101,72,29,10,0,10,432,150,282,0,0,0,225,72,153,100,10,90,414,150,264,501,149,352
1075,6,85,503113,4995,2135,2860,1369,485,884,520,166,354,60,25,35,18,8,10,105,67,38,0,0,0,643,210,433,23,9,14,178,70,108,1041,323,718
1076,6,85,503115,6316,5227,1089,2696,2304,392,1640,1468,172,62,38,24,0,0,0,741,583,158,0,0,0,119,81,38,134,134,0,1323,1177,146,454,390,64
1077,6,85,503116,5336,3790,1546,2276,1262,1014,1071,690,381,18,6,12,30,15,15,904,517,387,0,0,0,121,22,99,132,12,120,860,575,285,347,152,195
1078,6,85,503117,3118,1488,1630,768,247,521,178,51,127,5,0,5,6,0,6,325,105,220,18,0,18,208,76,132,28,15,13,33,13,20,367,122,245
1079,6,85,503118,5469,3421,2048,1670,457,1213,483,146,337,123,29,94,0,0,0,675,208,467,0,0,0,348,55,293,41,19,22,166,56,110,692,155,537
1080,6,85,503121,4508,2196,2312,1501,472,1029,633,277,356,56,0,56,42,16,26,298,52,246,0,0,0,418,127,291,54,0,54,381,192,189,709,207,502
1081,6,85,503122,3023,1319,1704,1154,396,758,320,114,206,94,13,81,78,8,70,441,231,210,0,0,0,183,30,153,38,0,38,159,76,83,424,64,360
1082,6,85,503123,3877,2076,1801,1644,451,1193,839,325,514,162,0,162,0,0,0,377,106,271,0,0,0,198,12,186,68,8,60,602,262,340,510,100,410
1083,6,85,503204,9338,5951,3387,2279,1280,999,843,490,353,131,51,80,15,0,15,876,524,352,66,32,34,285,120,165,63,63,0,293,215,78,959,514,445
1084,6,85,503207,4302,3356,946,1059,794,265,174,159,15,52,23,29,0,0,0,712,507,205,12,12,0,49,49,0,60,44,16,111,103,8,138,105,33
1085,6,85,503208,4638,3477,1161,897,656,241,507,348,159,35,19,16,0,0,0,228,203,25,9,9,0,82,41,41,36,36,0,130,108,22,479,301,178
1086,6,85,503210,4355,3170,1185,968,655,313,317,214,103,14,14,0,0,0,0,506,334,172,0,0,0,117,83,34,14,10,4,112,108,4,333,200,133
1087,6,85,503211,4685,3273,1412,1153,925,228,317,270,47,21,21,0,0,0,0,662,510,152,11,0,11,83,83,0,59,41,18,124,124,0,276,229,47
1088,6,85,503212,4265,3197,1068,957,735,222,231,170,61,36,30,6,16,14,2,545,454,91,0,0,0,58,26,32,71,41,30,104,97,7,227,125,102
1089,6,85,503213,4486,2176,2310,1264,778,486,328,168,160,16,16,0,7,0,7,739,530,209,0,0,0,164,64,100,10,0,10,125,69,56,331,120,211
1090,6,85,503214,8652,4152,4500,2330,1184,1146,675,255,420,18,0,18,11,11,0,1201,741,460,0,0,0,318,109,209,107,68,39,125,84,41,925,314,611
1091,6,85,503217,4893,3053,1840,1093,607,486,448,231,217,35,20,15,0,0,0,311,168,143,0,0,0,262,151,111,37,37,0,43,24,19,667,358,309
1092,6,85,503218,4879,2239,2640,1181,366,815,681,190,491,21,0,21,0,0,0,202,109,93,0,0,0,249,67,182,28,0,28,79,20,59,892,237,655
1093,6,85,503304,6952,4862,2090,1908,998,910,554,283,271,121,55,66,7,0,7,934,564,370,0,0,0,231,75,156,61,21,40,162,153,9,681,216,465
1094,6,85,503305,6347,4156,2191,1500,924,576,343,320,23,27,17,10,11,0,11,815,482,333,7,0,7,283,105,178,14,0,14,57,57,0,580,368,212
1095,6,85,503306,4253,2698,1555,906,650,256,327,248,79,64,47,17,22,5,17,297,238,59,0,0,0,186,107,79,10,5,5,72,67,5,466,298,168
1096,6,85,503312,3754,3136,618,1079,864,215,622,506,116,58,40,18,0,0,0,219,166,53,0,0,0,163,149,14,17,3,14,464,372,92,334,289,45
1097,6,85,503313,4479,4072,407,1297,1194,103,457,418,39,66,66,0,0,0,0,704,640,64,0,0,0,52,52,0,18,18,0,318,311,7,213,181,32
1098,6,85,503315,8264,5244,3020,2040,1266,774,443,276,167,89,89,0,41,7,34,1027,740,287,0,0,0,391,129,262,49,25,24,230,165,65,661,253,408
1099,6,85,503321,4936,4039,897,1090,889,201,70,44,26,37,0,37,0,0,0,879,788,91,0,0,0,79,32,47,25,25,0,33,33,0,118,45,73
1100,6,85,503322,4504,3581,923,1067,877,190,434,408,26,47,28,19,0,0,0,383,326,57,6,0,6,148,86,62,49,29,20,228,228,0,389,288,101
1101,6,85,503323,4612,3810,802,1183,946,237,338,274,64,72,35,37,0,0,0,581,487,94,0,0,0,181,139,42,11,11,0,185,154,31,345,270,75
1102,6,85,503324,3592,3045,547,908,760,148,169,150,19,24,18,6,0,0,0,659,566,93,0,0,0,56,26,30,0,0,0,125,110,15,100,66,34
1103,6,85,503325,4867,4140,727,1157,903,254,295,200,95,7,7,0,9,9,0,723,608,115,0,0,0,111,67,44,12,12,0,136,91,45,282,188,94
1104,6,85,503326,7267,5997,1270,1813,1459,354,270,197,73,43,6,37,10,0,10,1401,1224,177,26,0,26,54,23,31,9,9,0,151,121,30,192,108,84
1105,6,85,503327,5025,3900,1125,1433,916,517,671,342,329,55,55,0,11,0,11,564,426,138,0,0,0,73,41,32,59,52,7,446,218,228,350,199,151
1106,6,85,503329,3671,3403,268,980,876,104,263,179,84,27,27,0,6,6,0,624,604,20,9,9,0,26,26,0,25,25,0,183,141,42,117,75,42
1107,6,85,503330,8633,8038,595,2158,1883,275,464,380,84,17,0,17,0,0,0,1649,1491,158,0,0,0,28,12,16,0,0,0,349,315,34,180,97,83
1108,6,85,503331,3492,3164,328,1360,1120,240,896,704,192,47,38,9,14,14,0,334,316,18,0,0,0,48,27,21,21,21,0,744,605,139,200,126,74
1109,6,85,503332,5498,5126,372,2579,2395,184,1963,1779,184,25,25,0,0,0,0,461,461,0,30,30,0,29,29,0,71,71,0,1869,1685,184,160,160,0
1110,6,85,503333,4422,3899,523,1296,1016,280,536,355,181,53,53,0,0,0,0,583,515,68,0,0,0,49,39,10,75,54,21,392,305,87,214,102,112
1111,6,85,503334,8556,8097,459,2525,2385,140,824,789,35,52,52,0,0,0,0,1498,1404,94,0,0,0,79,79,0,72,61,11,761,726,35,142,142,0
1112,6,85,503336,3750,2585,1165,895,636,259,281,208,73,29,21,8,18,18,0,426,333,93,7,7,0,119,42,77,15,7,8,79,61,18,354,214,140
1113,6,85,503337,3741,2772,969,961,749,212,258,179,79,47,47,0,20,7,13,568,460,108,0,0,0,45,33,12,23,23,0,99,84,15,222,146,76
1114,6,85,503401,4607,2689,1918,948,613,335,303,213,90,25,14,11,0,0,0,192,152,40,16,16,0,398,204,194,14,14,0,35,35,0,686,391,295
1115,6,85,503402,6044,3056,2988,1255,412,843,317,108,209,31,0,31,0,0,0,407,159,248,9,0,9,448,130,318,43,15,28,23,0,23,783,260,523
1116,6,85,503504,6390,4083,2307,1218,743,475,417,300,117,5,5,0,0,0,0,285,196,89,50,26,24,407,198,209,54,18,36,8,8,0,870,508,362
1117,6,85,503506,6124,3441,2683,1290,730,560,442,207,235,15,6,9,19,0,19,397,264,133,0,0,0,323,200,123,94,53,41,67,53,14,761,376,385
1118,6,85,503507,2495,1673,822,389,277,112,134,76,58,10,10,0,11,11,0,81,68,13,0,0,0,153,112,41,0,0,0,12,8,4,286,191,95
1119,6,85,503508,7009,3515,3494,1267,801,466,296,208,88,92,59,33,16,8,8,247,199,48,53,11,42,498,251,247,65,65,0,112,95,17,717,382,335
1120,6,85,503509,3854,2865,989,901,703,198,256,229,27,34,34,0,0,0,0,269,209,60,0,0,0,325,223,102,17,8,9,73,68,5,524,391,133
1121,6,85,503510,6070,2984,3086,1407,738,669,438,264,174,61,7,54,10,10,0,258,155,103,0,0,0,619,281,338,21,21,0,167,112,55,908,451,457
1122,6,85,503511,3810,2857,953,865,616,249,183,148,35,18,18,0,7,0,7,357,309,48,38,7,31,262,134,128,0,0,0,93,64,29,352,218,134
1123,6,85,503601,2858,1224,1634,881,340,541,413,200,213,0,0,0,19,14,5,154,62,92,6,0,6,266,58,208,23,6,17,282,146,136,403,112,291
1124,6,85,503602,5233,2526,2707,1352,655,697,301,173,128,70,29,41,0,0,0,441,256,185,0,0,0,493,183,310,47,14,33,120,67,53,699,303,396
1125,6,85,503703,4388,2560,1828,953,509,444,293,177,116,35,18,17,0,0,0,247,162,85,0,0,0,378,152,226,0,0,0,42,24,18,625,301,324
1126,6,85,503707,6177,4442,1735,1431,721,710,282,188,94,85,37,48,0,0,0,595,339,256,26,0,26,411,125,286,32,32,0,79,64,15,664,273,391
1127,6,85,503708,2618,1954,664,762,466,296,86,75,11,29,12,17,0,0,0,556,325,231,0,0,0,87,50,37,4,4,0,45,39,6,134,86,48
1128,6,85,503709,5829,2102,3727,1698,327,1371,241,127,114,30,0,30,21,0,21,1014,177,837,24,0,24,368,23,345,0,0,0,76,21,55,554,129,425
1129,6,85,503710,3839,1930,1909,1044,216,828,264,66,198,5,0,5,24,0,24,389,97,292,9,0,9,325,34,291,28,19,9,82,45,37,549,55,494
1130,6,85,503711,5095,2812,2283,1038,406,632,384,185,199,7,7,0,0,0,0,173,101,72,0,0,0,461,113,348,13,0,13,61,46,15,791,252,539
1131,6,85,503712,3778,1732,2046,1369,334,1035,347,91,256,22,7,15,0,0,0,705,192,513,0,0,0,278,27,251,17,17,0,116,58,58,509,60,449
1132,6,85,503713,3150,1230,1920,1172,207,965,211,92,119,35,0,35,9,9,0,471,43,428,24,0,24,406,47,359,16,16,0,123,73,50,503,75,428
1133,6,85,503802,8119,6094,2025,2252,1475,777,768,605,163,93,18,75,44,26,18,817,581,236,0,0,0,474,204,270,56,41,15,628,480,148,699,396,303
1134,6,85,503803,4754,3515,1239,1417,1079,338,324,306,18,15,8,7,0,0,0,949,680,269,11,0,11,97,64,33,21,21,0,222,209,13,199,161,38
1135,6,85,503804,5506,4031,1475,1664,1063,601,439,306,133,60,15,45,12,6,6,885,692,193,0,0,0,181,17,164,87,27,60,279,182,97,442,162,280
1136,6,85,503902,5570,3759,1811,1533,739,794,492,276,216,10,0,10,26,12,14,296,186,110,10,0,10,660,251,409,39,14,25,218,150,68,949,389,560
1137,6,85,503903,3599,2031,1568,936,471,465,230,153,77,31,8,23,1,1,0,330,208,122,0,0,0,278,92,186,66,9,57,98,58,40,445,187,258
1138,6,85,504001,6279,4205,2074,1567,843,724,420,323,97,73,22,51,11,0,11,316,203,113,0,0,0,736,284,452,11,11,0,141,84,57,1035,532,503
1139,6,85,504002,6528,4193,2335,1430,597,833,333,194,139,83,10,73,22,0,22,479,225,254,38,0,38,421,151,270,54,17,37,87,48,39,729,305,424
1140,6,85,504101,4964,3195,1769,1095,717,378,383,260,123,25,5,20,0,0,0,198,121,77,0,0,0,446,300,146,43,31,12,238,163,75,618,418,200
1141,6,85,504102,6071,3725,2346,1352,892,460,515,379,136,33,33,0,0,0,0,249,223,26,0,0,0,507,209,298,48,48,0,185,163,22,858,446,412
1142,6,85,504201,5323,4808,515,1806,1402,404,1230,1045,185,59,35,24,13,0,13,326,247,79,0,0,0,151,69,82,27,6,21,905,772,133,522,354,168
1143,6,85,504202,4899,4365,534,1473,1184,289,1006,854,152,6,6,0,10,0,10,289,253,36,0,0,0,138,71,67,24,0,24,815,677,138,339,248,91
1144,6,85,504307,5570,4413,1157,1716,1191,525,512,390,122,53,44,9,0,0,0,965,606,359,0,0,0,138,103,35,48,48,0,417,333,84,246,163,83
1145,6,85,504308,4398,3711,687,1525,1253,272,662,609,53,21,21,0,0,0,0,768,562,206,9,9,0,31,31,0,34,21,13,569,540,29,151,114,37
1146,6,85,504311,7209,6218,991,2411,1628,783,414,307,107,18,18,0,0,0,0,1865,1280,585,17,0,17,37,0,37,60,23,37,370,276,94,92,31,61
1147,6,85,504314,4837,3750,1087,1333,971,362,321,254,67,67,31,36,0,0,0,770,609,161,0,0,0,133,35,98,42,42,0,196,150,46,278,159,119
1148,6,85,504315,6700,5154,1546,2000,1522,478,533,458,75,52,14,38,0,0,0,1269,961,308,0,0,0,96,49,47,50,40,10,425,350,75,234,157,77
1149,6,85,504316,5354,4505,849,1409,1039,370,360,246,114,50,11,39,14,14,0,845,681,164,0,0,0,119,66,53,21,21,0,224,150,74,255,162,93
1150,6,85,504317,4886,4480,406,1198,963,235,237,211,26,9,9,0,0,0,0,831,678,153,0,0,0,75,29,46,46,36,10,167,141,26,112,99,13
1151,6,85,504318,5254,2801,2453,1505,1273,232,332,305,27,11,11,0,17,17,0,805,685,120,0,0,0,340,255,85,0,0,0,248,229,19,433,340,93
1152,6,85,504319,7343,5918,1425,2061,1433,628,497,333,164,19,0,19,15,15,0,1356,1005,351,0,0,0,107,25,82,67,55,12,436,296,140,184,62,122
1153,6,85,504320,2849,2464,385,844,755,89,194,157,37,21,21,0,0,0,0,593,541,52,18,18,0,7,7,0,11,11,0,161,124,37,45,45,0
1154,6,85,504321,5415,4495,920,1589,1109,480,355,298,57,19,0,19,0,0,0,1056,748,308,0,0,0,136,40,96,23,23,0,322,281,41,178,66,112
1155,6,85,504322,5023,4255,768,2043,748,1295,456,217,239,56,18,38,0,0,0,1384,513,871,0,0,0,118,0,118,29,0,29,370,198,172,204,19,185
1156,6,85,504323,6049,4891,1158,1893,1031,862,225,108,117,33,8,25,19,0,19,1481,831,650,4,4,0,99,60,39,32,20,12,163,97,66,169,71,98
1157,6,85,504410,4670,3493,1177,1192,780,412,339,250,89,51,40,11,0,0,0,721,467,254,0,0,0,47,10,37,34,13,21,272,202,70,140,58,82
1158,6,85,504411,5526,4791,735,1561,1340,221,451,392,59,20,20,0,9,9,0,883,788,95,0,0,0,114,47,67,84,84,0,375,336,39,210,123,87
1159,6,85,504412,5194,4007,1187,1342,649,693,251,153,98,44,9,35,0,0,0,786,447,339,0,0,0,206,30,176,55,10,45,167,119,48,303,64,239
1160,6,85,504413,1779,1475,304,721,435,286,149,83,66,12,12,0,0,0,0,521,327,194,0,0,0,26,5,21,13,8,5,149,83,66,32,5,27
1161,6,85,504414,5728,5008,720,1552,1375,177,246,194,52,47,28,19,26,26,0,1159,1053,106,34,34,0,18,18,0,22,22,0,194,162,32,70,50,20
1162,6,85,504415,5593,4845,748,1593,1376,217,390,333,57,11,11,0,15,15,0,1065,972,93,0,0,0,82,15,67,30,30,0,356,299,57,131,64,67
1163,6,85,504416,3655,3119,536,1116,758,358,319,208,111,51,0,51,0,0,0,663,506,157,0,0,0,55,16,39,28,28,0,269,194,75,105,30,75
1164,6,85,504417,392,270,122,129,96,33,84,56,28,0,0,0,0,0,0,45,40,5,0,0,0,0,0,0,0,0,0,69,56,13,15,0,15
1165,6,85,504418,5371,3489,1882,1352,705,647,297,199,98,0,0,0,0,0,0,805,450,355,19,0,19,189,47,142,42,9,33,205,167,38,314,79,235
1166,6,85,504420,4667,4012,655,1416,987,429,430,340,90,10,10,0,14,14,0,831,573,258,0,0,0,65,38,27,66,12,54,387,297,90,122,95,27
1167,6,85,504421,5004,4560,444,1384,1123,261,354,314,40,8,8,0,0,0,0,917,701,216,0,0,0,90,90,0,15,10,5,285,245,40,168,168,0
1168,6,85,504422,3915,3050,865,1061,723,338,187,149,38,48,29,19,0,0,0,683,464,219,0,0,0,94,68,26,49,13,36,124,100,24,176,117,59
1169,6,85,504423,2581,2118,463,691,568,123,282,197,85,17,17,0,0,0,0,346,325,21,0,0,0,36,24,12,10,5,5,248,173,75,65,48,17
1170,6,85,504504,7555,6156,1399,2899,1323,1576,388,190,198,76,8,68,0,0,0,2252,1031,1221,0,0,0,137,48,89,46,46,0,388,190,198,137,48,89
1171,6,85,504505,7025,5460,1565,2020,1356,664,300,179,121,11,11,0,12,12,0,1457,1029,428,61,37,24,134,87,47,45,1,44,244,160,84,202,118,84
1172,6,85,504506,6585,5126,1459,2244,1038,1206,356,228,128,79,38,41,7,7,0,1674,765,909,0,0,0,76,0,76,52,0,52,276,192,84,178,36,142
1173,6,85,504507,6255,4896,1359,1831,1236,595,533,418,115,20,0,20,11,0,11,997,637,360,7,7,0,184,145,39,79,29,50,427,329,98,369,256,113
1174,6,85,504601,869,693,176,353,281,72,279,216,63,9,9,0,0,0,0,46,37,9,0,0,0,8,8,0,11,11,0,224,184,40,63,40,23
1175,6,85,504602,1957,1519,438,635,372,263,292,191,101,26,8,18,0,0,0,176,90,86,0,0,0,141,83,58,0,0,0,161,125,36,272,149,123
1176,6,85,504700,753,528,225,200,0,200,131,0,131,33,0,33,0,0,0,4,0,4,32,0,32,0,0,0,0,0,0,100,0,100,31,0,31
1177,6,85,504802,5364,4165,1199,1797,1251,546,931,675,256,50,50,0,0,0,0,654,409,245,0,0,0,130,85,45,32,32,0,700,510,190,361,250,111
1178,6,85,504803,6203,5648,555,2491,1090,1401,966,535,431,41,0,41,0,0,0,1312,486,826,0,0,0,133,46,87,39,23,16,885,505,380,214,76,138
1179,6,85,504805,6755,5037,1718,2694,2007,687,1873,1503,370,102,24,78,0,0,0,632,402,230,0,0,0,39,39,0,48,39,9,1757,1423,334,185,149,36
1180,6,85,504806,2930,2470,460,775,601,174,364,262,102,16,4,12,0,0,0,328,278,50,0,0,0,51,45,6,16,12,4,241,173,68,178,134,44
1181,6,85,504901,10593,9809,784,4123,1404,2719,1064,248,816,74,48,26,17,0,17,2765,1020,1745,0,0,0,31,31,0,172,57,115,1039,248,791,109,56,53
1182,6,85,505001,9769,8181,1588,3450,1451,1999,1459,500,959,204,107,97,7,7,0,1627,813,814,0,0,0,96,15,81,57,9,48,1173,437,736,399,78,321
1183,6,85,505006,6631,6075,556,3251,666,2585,1186,311,875,119,20,99,0,0,0,1864,324,1540,0,0,0,11,11,0,71,0,71,1090,304,786,156,18,138
1184,6,85,505007,3875,3018,857,952,575,377,392,239,153,9,9,0,0,0,0,460,288,172,7,0,7,57,17,40,27,22,5,297,202,95,152,54,98
1185,6,85,505008,5445,4789,656,2462,0,2462,884,0,884,63,0,63,0,0,0,1374,0,1374,0,0,0,53,0,53,88,0,88,758,0,758,205,0,205
1186,6,85,505009,9284,6656,2628,3352,1423,1929,1398,741,657,174,19,155,19,19,0,1275,386,889,0,0,0,403,258,145,83,0,83,1165,605,560,659,428,231
1187,6,85,505100,3423,2193,1230,1670,579,1091,517,173,344,67,20,47,11,0,11,711,234,477,0,0,0,262,136,126,102,16,86,456,150,306,396,180,216
1188,6,85,505202,6291,4305,1986,2374,609,1765,1305,361,944,110,26,84,0,0,0,698,137,561,0,0,0,187,39,148,74,46,28,852,209,643,668,208,460
1189,6,85,505203,3519,2536,983,1447,582,865,802,270,532,40,32,8,0,0,0,397,221,176,0,0,0,127,38,89,81,21,60,701,237,464,267,81,186
1190,6,85,505301,4403,3177,1226,1412,681,731,567,281,286,108,9,99,0,0,0,541,332,209,14,0,14,154,59,95,28,0,28,419,243,176,320,97,223
1191,6,85,505302,3808,3085,723,1387,924,463,849,594,255,37,0,37,0,0,0,419,269,150,0,0,0,30,19,11,52,42,10,672,538,134,219,87,132
1192,6,85,505303,6193,4276,1917,2163,798,1365,1147,519,628,103,0,103,0,0,0,668,279,389,68,0,68,131,0,131,46,0,46,888,464,424,458,55,403
1193,6,85,505304,3450,3062,388,1099,944,155,640,556,84,15,0,15,16,16,0,338,312,26,11,0,11,57,46,11,22,14,8,517,444,73,188,158,30
1194,6,85,505305,5791,5065,726,2076,1207,869,965,633,332,54,38,16,0,0,0,1006,518,488,0,0,0,0,0,0,51,18,33,843,580,263,131,53,78
1195,6,85,505401,6464,5332,1132,2581,676,1905,899,338,561,83,0,83,12,0,12,1426,283,1143,17,17,0,46,0,46,98,38,60,861,313,548,118,42,76
1196,6,85,505402,3177,2725,452,1137,677,460,650,419,231,0,0,0,6,6,0,394,212,182,0,0,0,66,35,31,21,5,16,567,343,224,155,117,38
1197,6,85,505403,6723,5487,1236,2567,844,1723,1235,491,744,61,28,33,19,0,19,1016,229,787,18,18,0,131,64,67,87,14,73,922,412,510,480,147,333
1198,6,85,505500,4233,3448,785,1578,827,751,1008,574,434,110,12,98,0,0,0,315,202,113,0,0,0,106,13,93,39,26,13,861,531,330,259,56,203
1199,6,85,505600,3029,1631,1398,1235,238,997,898,193,705,54,0,54,7,0,7,199,31,168,0,0,0,38,14,24,39,0,39,742,193,549,212,14,198
1200,6,85,505700,6928,4287,2641,2461,534,1927,1500,416,1084,112,0,112,0,0,0,478,44,434,43,22,21,247,52,195,81,0,81,1296,340,956,451,128,323
1201,6,85,505800,3829,3431,398,1550,867,683,1236,737,499,10,0,10,0,0,0,153,101,52,0,0,0,115,0,115,36,29,7,1099,692,407,266,59,207
1202,6,85,505900,7143,5926,1217,3116,1276,1840,1928,956,972,154,0,154,24,0,24,857,303,554,0,0,0,59,0,59,94,17,77,1539,915,624,490,41,449
1203,6,85,506000,4589,3861,728,1814,919,895,1243,618,625,68,22,46,19,11,8,425,251,174,0,0,0,36,0,36,23,17,6,1068,520,548,222,109,113
1204,6,85,506101,4634,4109,525,1730,1126,604,1053,741,312,114,23,91,0,0,0,463,340,123,0,0,0,55,0,55,45,22,23,862,694,168,254,47,207
1205,6,85,506102,3670,3307,363,1493,995,498,925,676,249,34,0,34,0,0,0,484,280,204,0,0,0,27,27,0,23,12,11,811,579,232,164,147,17
1206,6,85,506103,4962,4098,864,1645,1025,620,818,559,259,25,7,18,0,0,0,763,459,304,0,0,0,0,0,0,39,0,39,671,485,186,147,74,73
1207,6,85,506202,6961,6239,722,2515,1521,994,1348,914,434,44,0,44,18,0,18,1003,523,480,0,0,0,0,0,0,102,84,18,1174,857,317,205,70,135
1208,6,85,506203,6677,5281,1396,2379,613,1766,455,111,344,128,42,86,0,0,0,1537,414,1123,0,0,0,197,32,165,62,14,48,422,78,344,230,65,165
1209,6,85,506204,5806,4773,1033,2086,1417,669,921,684,237,39,0,39,0,0,0,1051,717,334,0,0,0,42,0,42,33,16,17,867,684,183,112,16,96
1210,6,85,506301,5452,4427,1025,2290,687,1603,1337,493,844,139,19,120,26,26,0,633,149,484,0,0,0,83,0,83,72,0,72,1190,383,807,256,136,120
1211,6,85,506302,7051,6418,633,2504,1372,1132,1438,831,607,65,15,50,46,0,46,667,497,170,0,0,0,208,0,208,80,29,51,1240,774,466,406,57,349
1212,6,85,506304,5847,4309,1538,2088,396,1692,1067,245,822,57,14,43,0,0,0,749,127,622,57,0,57,132,0,132,26,10,16,760,245,515,449,10,439
1213,6,85,506305,6812,4403,2409,2569,406,2163,1293,269,1024,275,0,275,0,0,0,545,137,408,36,0,36,358,0,358,62,0,62,1032,258,774,684,11,673
1214,6,85,506401,5221,4133,1088,2103,760,1343,1203,503,700,173,30,143,7,0,7,469,206,263,20,0,20,206,21,185,25,0,25,1030,493,537,405,40,365
1215,6,85,506402,6004,4457,1547,2253,713,1540,1523,519,1004,189,0,189,0,0,0,262,156,106,28,0,28,190,26,164,61,12,49,1160,465,695,635,80,555
1216,6,85,506501,7666,3859,3807,2487,808,1679,1289,348,941,141,0,141,0,0,0,644,423,221,0,0,0,356,15,341,57,22,35,702,304,398,947,84,863
1217,6,85,506502,4178,3472,706,1878,817,1061,1501,671,830,55,0,55,0,0,0,239,99,140,0,0,0,31,26,5,52,21,31,1297,595,702,247,102,145
1218,6,85,506503,6331,5072,1259,2609,961,1648,1866,804,1062,36,0,36,0,0,0,427,157,270,0,0,0,201,0,201,79,0,79,1667,787,880,437,17,420
1219,6,85,506601,4840,3844,996,1693,842,851,1016,423,593,51,0,51,0,0,0,455,319,136,0,0,0,62,18,44,109,82,27,835,408,427,306,70,236
1220,6,85,506603,4116,3419,697,1340,1028,312,816,632,184,7,0,7,14,14,0,393,317,76,31,5,26,18,18,0,61,42,19,733,584,149,129,80,49
1221,6,85,506604,7236,6529,707,2562,1982,580,1745,1362,383,23,0,23,0,0,0,671,535,136,0,0,0,24,0,24,99,85,14,1639,1295,344,141,78,63
1222,6,85,506605,4126,2981,1145,1508,605,903,909,313,596,63,0,63,0,0,0,384,245,139,0,0,0,119,23,96,33,24,9,772,288,484,245,37,208
1223,6,85,506606,4439,3501,938,1596,752,844,1023,421,602,9,9,0,34,0,34,370,267,103,0,0,0,111,38,73,49,17,32,876,381,495,300,78,222
1224,6,85,506701,3659,3435,224,1253,919,334,884,649,235,0,0,0,0,0,0,289,245,44,10,0,10,35,9,26,35,16,19,840,637,203,86,28,58
1225,6,85,506702,6046,4777,1269,1935,1022,913,1390,815,575,16,0,16,30,30,0,406,177,229,0,0,0,42,0,42,51,0,51,1209,728,481,238,87,151
1226,6,85,506703,3629,2812,817,1308,716,592,944,551,393,36,6,30,0,0,0,203,101,102,0,0,0,18,8,10,107,50,57,839,516,323,138,49,89
1227,6,85,506801,5939,5235,704,2172,1485,687,1832,1253,579,22,22,0,0,0,0,224,181,43,0,0,0,14,0,14,80,29,51,1714,1193,521,132,60,72
1228,6,85,506802,5620,5022,598,1935,1475,460,1568,1160,408,26,15,11,16,7,9,268,250,18,0,0,0,29,29,0,28,14,14,1493,1109,384,134,87,47
1229,6,85,506803,7173,6302,871,2363,1645,718,1844,1207,637,0,0,0,0,0,0,386,348,38,0,0,0,56,56,0,77,34,43,1723,1184,539,226,85,141
1230,6,85,506804,3570,3346,224,1278,1095,183,1004,860,144,6,6,0,0,0,0,253,214,39,0,0,0,0,0,0,15,15,0,963,838,125,41,22,19
1231,6,85,506900,7644,7073,571,2634,2201,433,2185,1818,367,17,17,0,10,10,0,346,297,49,0,0,0,9,9,0,67,50,17,2094,1727,367,100,100,0
1232,6,85,507001,6764,6481,283,2977,2052,925,2711,1881,830,17,0,17,0,0,0,185,144,41,0,0,0,37,0,37,27,27,0,2576,1845,731,200,36,164
1233,6,85,507002,2914,2559,355,1005,825,180,870,723,147,6,6,0,0,0,0,85,77,8,0,0,0,0,0,0,44,19,25,847,708,139,23,15,8
1234,6,85,507100,2811,2310,501,1282,427,855,1107,386,721,40,0,40,0,0,0,92,34,58,0,0,0,0,0,0,43,7,36,985,365,620,150,21,129
1235,6,85,507203,2955,2782,173,1166,582,584,902,434,468,13,13,0,0,0,0,204,112,92,0,0,0,15,0,15,32,23,9,874,413,461,53,31,22
1236,6,85,507205,4542,4228,314,1825,1625,200,1579,1396,183,0,0,0,0,0,0,228,219,9,0,0,0,8,0,8,10,10,0,1545,1362,183,42,34,8
1237,6,85,507206,2842,2595,247,1055,963,92,886,799,87,0,0,0,0,0,0,153,148,5,0,0,0,8,8,0,8,8,0,858,775,83,36,32,4
1238,6,85,507301,6741,6055,686,2414,1906,508,1485,1132,353,0,0,0,31,31,0,842,724,118,0,0,0,11,0,11,45,19,26,1396,1056,340,100,76,24
1239,6,85,507302,3026,2781,245,1031,784,247,736,544,192,0,0,0,0,0,0,283,228,55,0,0,0,0,0,0,12,12,0,731,544,187,5,0,5
1240,6,85,507401,5593,5352,241,1860,1666,194,868,771,97,10,10,0,0,0,0,953,856,97,0,0,0,0,0,0,29,29,0,832,743,89,36,28,8
1241,6,85,507402,4111,3626,485,1453,1167,286,969,770,199,24,24,0,0,0,0,407,351,56,0,0,0,41,10,31,12,12,0,870,690,180,109,90,19
1242,6,85,507500,5800,5177,623,2028,1839,189,950,818,132,16,16,0,0,0,0,1060,1003,57,0,0,0,0,0,0,2,2,0,925,793,132,25,25,0
1243,6,85,507600,5574,5377,197,1962,1722,240,1131,964,167,24,24,0,5,5,0,785,712,73,0,0,0,6,6,0,11,11,0,1093,934,159,38,30,8
1244,6,85,507701,3865,3595,270,1372,1080,292,599,418,181,0,0,0,0,0,0,747,645,102,0,0,0,0,0,0,26,17,9,548,398,150,51,20,31
1245,6,85,507702,6409,5989,420,2058,1800,258,740,635,105,0,0,0,0,0,0,1289,1153,136,0,0,0,17,0,17,12,12,0,679,574,105,61,61,0
1246,6,85,507703,7763,7273,490,2693,1703,990,1295,792,503,0,0,0,0,0,0,1354,898,456,20,0,20,0,0,0,24,13,11,1270,778,492,43,32,11
1247,6,85,507805,5973,5374,599,2203,880,1323,848,397,451,69,0,69,0,0,0,1200,483,717,0,0,0,26,0,26,60,0,60,812,397,415,71,9,62
1248,6,85,507806,5561,5114,447,1811,620,1191,379,200,179,6,0,6,26,15,11,1369,399,970,0,0,0,6,0,6,25,6,19,357,195,162,44,12,32
1249,6,85,507807,3320,3172,148,1052,718,334,246,162,84,0,0,0,0,0,0,762,512,250,11,11,0,9,9,0,24,24,0,238,154,84,42,26,16
1250,6,85,507808,5432,4868,564,1773,1352,421,530,391,139,14,0,14,0,0,0,1211,951,260,0,0,0,0,0,0,18,10,8,515,376,139,15,15,0
1251,6,85,507903,4975,4636,339,1626,1343,283,563,439,124,0,0,0,5,0,5,1025,893,132,22,0,22,0,0,0,11,11,0,527,427,100,41,12,29
1252,6,85,507904,3240,3053,187,1098,979,119,377,330,47,11,11,0,0,0,0,671,599,72,0,0,0,19,19,0,20,20,0,359,322,37,29,19,10
1253,6,85,507905,6211,5310,901,2152,1013,1139,697,436,261,0,0,0,11,0,11,1385,577,808,0,0,0,12,0,12,47,0,47,570,355,215,127,81,46
1254,6,85,507906,4550,4204,346,1411,1208,203,472,460,12,0,0,0,0,0,0,925,740,185,0,0,0,6,0,6,8,8,0,443,431,12,35,29,6
1255,6,85,508001,7966,7225,741,2858,1734,1124,1008,605,403,0,0,0,0,0,0,1832,1129,703,0,0,0,0,0,0,18,0,18,905,571,334,103,34,69
1256,6,85,508003,2398,2054,344,770,395,375,323,193,130,0,0,0,11,11,0,414,179,235,0,0,0,6,6,0,16,6,10,308,178,130,33,28,5
1257,6,85,508004,6870,6029,841,2210,1138,1072,801,408,393,55,12,43,12,12,0,1304,695,609,0,0,0,16,0,16,22,11,11,711,369,342,129,51,78
1258,6,85,508101,6855,6379,476,2327,1481,846,803,514,289,0,0,0,0,0,0,1480,952,528,0,0,0,15,15,0,29,0,29,781,494,287,37,35,2
1259,6,85,508102,3135,2929,206,1193,546,647,362,232,130,0,0,0,0,0,0,755,277,478,17,17,0,31,0,31,28,20,8,340,210,130,53,22,31
1260,6,85,508202,7596,6882,714,2772,1620,1152,1511,1024,487,78,0,78,0,0,0,1069,555,514,24,0,24,37,17,20,53,24,29,1330,943,387,218,98,120
1261,6,85,508203,5250,4905,345,1797,1252,545,760,488,272,14,14,0,0,0,0,1023,750,273,0,0,0,0,0,0,0,0,0,704,478,226,66,20,46
1262,6,85,508204,4122,3718,404,1481,1084,397,617,548,69,20,0,20,18,18,0,795,509,286,0,0,0,10,0,10,21,9,12,571,526,45,62,28,34
1263,6,85,508301,4468,4202,266,1567,1245,322,929,707,222,10,10,0,0,0,0,608,520,88,12,0,12,0,0,0,8,8,0,872,671,201,57,36,21
1264,6,85,508303,2570,2400,170,924,821,103,617,554,63,4,4,0,0,0,0,277,237,40,10,10,0,0,0,0,16,16,0,594,531,63,23,23,0
1265,6,85,508304,8374,6470,1904,3058,854,2204,1247,502,745,121,22,99,28,0,28,1428,330,1098,51,0,51,99,0,99,84,0,84,1086,489,597,295,13,282
1266,6,85,508401,6707,6238,469,2350,1547,803,1374,1062,312,0,0,0,9,9,0,942,466,476,0,0,0,0,0,0,25,10,15,1220,959,261,154,103,51
1267,6,85,508403,3130,2963,167,1078,920,158,631,561,70,11,0,11,0,0,0,353,334,19,0,0,0,8,0,8,75,25,50,631,561,70,8,0,8
1268,6,85,508404,6384,5654,730,2328,1344,984,1290,827,463,0,0,0,14,0,14,912,473,439,0,0,0,88,44,44,24,0,24,1181,803,378,180,51,129
1269,6,85,508503,6868,6089,779,2630,777,1853,855,419,436,0,0,0,0,0,0,1627,337,1290,0,0,0,68,0,68,80,21,59,826,419,407,135,21,114
1270,6,85,508504,8813,6042,2771,3396,465,2931,1300,253,1047,69,17,52,0,0,0,1869,195,1674,0,0,0,121,0,121,37,0,37,851,236,615,570,17,553
1271,6,85,508505,4693,4077,616,1914,1013,901,931,423,508,16,16,0,0,0,0,927,541,386,0,0,0,15,15,0,25,18,7,872,407,465,81,38,43
1272,6,85,508507,3171,2571,600,1343,351,992,400,139,261,33,20,13,0,0,0,781,173,608,0,0,0,52,0,52,77,19,58,339,119,220,136,31,105
1273,6,85,508508,5495,4463,1032,2029,853,1176,895,416,479,22,13,9,0,0,0,970,361,609,14,0,14,48,17,31,80,46,34,705,376,329,256,75,181
1274,6,85,508601,3821,3243,578,1355,834,521,724,469,255,24,0,24,0,0,0,461,312,149,0,0,0,82,20,62,64,33,31,601,386,215,236,103,133
1275,6,85,508602,4737,3997,740,2016,484,1532,1126,295,831,51,0,51,20,0,20,665,163,502,0,0,0,64,2,62,90,24,66,898,242,656,323,55,268
1276,6,85,508703,7812,6899,913,3256,1238,2018,1281,545,736,117,28,89,14,0,14,1632,597,1035,0,0,0,155,38,117,57,30,27,1084,487,597,351,96,255
1277,6,85,508704,6499,5736,763,2603,855,1748,1179,364,815,31,0,31,11,0,11,1236,449,787,0,0,0,44,0,44,102,42,60,865,223,642,375,141,234
1278,6,85,508800,3783,2881,902,1460,378,1082,776,208,568,47,0,47,0,0,0,577,135,442,0,0,0,25,0,25,35,35,0,497,122,375,338,94,244
1279,6,85,508900,5175,3828,1347,1700,698,1002,917,385,532,25,9,16,19,0,19,540,275,265,11,0,11,135,20,115,53,9,44,563,308,255,516,97,419
1280,6,85,509000,8510,5821,2689,2540,1088,1452,1718,702,1016,35,13,22,45,19,26,499,275,224,46,46,0,130,19,111,67,14,53,913,579,334,1010,161,849
1281,6,85,509102,4851,4383,468,2274,760,1514,860,442,418,53,20,33,0,0,0,1261,265,996,0,0,0,0,0,0,100,33,67,749,423,326,129,19,110
1282,6,85,509105,7185,6230,955,3057,1040,2017,1728,758,970,78,35,43,0,0,0,1136,190,946,0,0,0,45,29,16,70,28,42,1338,634,704,458,167,291
1283,6,85,509106,4267,3667,600,1693,544,1149,937,287,650,37,0,37,5,0,5,587,225,362,0,0,0,76,6,70,51,26,25,705,257,448,315,36,279
1284,6,85,509107,4868,3572,1296,1946,19,1927,825,19,806,61,0,61,0,0,0,939,0,939,0,0,0,80,0,80,41,0,41,656,19,637,259,0,259
1285,6,85,509108,4438,3542,896,1967,563,1404,1179,364,815,17,0,17,8,8,0,669,174,495,13,0,13,54,9,45,27,8,19,884,289,595,357,92,265
1286,6,85,509109,4584,4186,398,1943,1068,875,1156,623,533,0,0,0,0,0,0,683,400,283,0,0,0,21,0,21,83,45,38,1039,569,470,149,54,95
1287,6,85,509201,4780,3981,799,2337,1055,1282,1548,670,878,92,0,92,0,0,0,593,296,297,0,0,0,22,22,0,82,67,15,1256,585,671,364,157,207
1288,6,85,509202,4635,3818,817,1885,855,1030,1174,510,664,34,0,34,0,0,0,552,288,264,0,0,0,59,37,22,66,20,46,1021,421,600,228,132,96
1289,6,85,509302,3192,2930,262,1222,824,398,869,598,271,14,14,0,0,0,0,259,202,57,0,0,0,62,0,62,18,10,8,831,581,250,100,17,83
1290,6,85,509303,3444,2312,1132,1743,486,1257,1162,308,854,65,0,65,0,0,0,382,168,214,0,0,0,51,0,51,83,10,73,941,284,657,300,34,266
1291,6,85,509304,3373,2612,761,1357,578,779,739,305,434,34,8,26,35,0,35,369,235,134,51,30,21,107,0,107,22,0,22,626,264,362,263,49,214
1292,6,85,509401,3728,3245,483,1757,340,1417,934,224,710,89,0,89,0,0,0,676,109,567,8,0,8,8,0,8,42,7,35,843,224,619,99,0,99
1293,6,85,509403,4908,3296,1612,2052,114,1938,1218,76,1142,41,0,41,28,15,13,497,23,474,0,0,0,231,0,231,37,0,37,994,76,918,483,0,483
1294,6,85,509404,7091,4562,2529,2683,978,1705,1492,408,1084,62,33,29,0,0,0,804,461,343,15,15,0,256,45,211,54,16,38,1204,332,872,565,121,444
1295,6,85,509500,5371,3864,1507,2240,403,1837,1490,277,1213,71,0,71,0,0,0,436,86,350,0,0,0,187,11,176,56,29,27,1026,208,818,640,69,571
1296,6,85,509600,3393,3004,389,1483,475,1008,1037,343,694,29,0,29,0,0,0,369,125,244,0,0,0,28,7,21,20,0,20,940,328,612,120,22,98
1297,6,85,509700,3065,2694,371,1408,540,868,1005,418,587,19,9,10,0,0,0,249,61,188,8,0,8,49,16,33,78,36,42,849,393,456,250,60,190
1298,6,85,509801,5679,5091,588,2172,1405,767,1456,1026,430,48,0,48,35,15,20,591,364,227,0,0,0,0,0,0,42,0,42,1327,1011,316,204,15,189
1299,6,85,509802,3010,2726,284,1131,749,382,687,460,227,72,19,53,0,0,0,286,227,59,15,0,15,34,14,20,37,29,8,670,460,210,66,29,37
1300,6,85,509901,1842,1741,101,689,561,128,505,419,86,0,0,0,0,0,0,155,119,36,6,0,6,0,0,0,23,23,0,505,419,86,11,5,6
1301,6,85,509902,4685,3892,793,1839,1234,605,1296,914,382,22,5,17,0,0,0,446,279,167,0,0,0,15,6,9,60,30,30,1197,861,336,137,65,72
1302,6,85,510001,6051,5827,224,2063,1897,166,1469,1344,125,0,0,0,0,0,0,532,491,41,0,0,0,0,0,0,62,62,0,1429,1318,111,40,26,14
1303,6,85,510002,3840,3507,333,1291,1056,235,897,684,213,9,9,0,0,0,0,364,342,22,0,0,0,11,11,0,10,10,0,853,650,203,55,45,10
1304,6,85,510100,2963,2706,257,1081,990,91,832,741,91,0,0,0,0,0,0,226,226,0,0,0,0,7,7,0,16,16,0,802,711,91,30,30,0
1305,6,85,510200,4346,4063,283,1440,1297,143,1055,966,89,0,0,0,0,0,0,337,297,40,0,0,0,0,0,0,48,34,14,1020,943,77,35,23,12
1306,6,85,510300,4269,4019,250,1716,1315,401,1354,1022,332,0,0,0,0,0,0,345,287,58,0,0,0,0,0,0,17,6,11,1297,1000,297,57,22,35
1307,6,85,510400,3289,3075,214,1165,1000,165,804,697,107,0,0,0,0,0,0,303,268,35,0,0,0,0,0,0,58,35,23,788,697,91,25,9,16
1308,6,85,510500,4929,4620,309,1891,1528,363,1485,1194,291,0,0,0,0,0,0,393,327,66,0,0,0,0,0,0,13,7,6,1469,1178,291,16,16,0
1309,6,85,510600,6564,5161,1403,2350,1503,847,1664,1090,574,0,0,0,0,0,0,651,378,273,0,0,0,35,35,0,0,0,0,1409,939,470,290,186,104
1310,6,85,510700,5110,4253,857,2046,939,1107,1232,470,762,71,10,61,0,0,0,682,443,239,0,0,0,36,0,36,25,16,9,1133,451,682,135,19,116
1311,6,85,510801,5795,5316,479,2210,1611,599,1418,957,461,0,0,0,0,0,0,778,640,138,0,0,0,0,0,0,14,14,0,1359,939,420,59,18,41
1312,6,85,510802,1854,1794,60,683,558,125,476,382,94,19,12,7,0,0,0,161,144,17,0,0,0,0,0,0,27,20,7,435,356,79,41,26,15
1313,6,85,510803,2402,1902,500,997,593,404,553,387,166,0,0,0,0,0,0,378,162,216,9,9,0,9,0,9,48,35,13,528,377,151,34,10,24
1314,6,85,510900,5563,5048,515,2040,1298,742,1347,794,553,26,0,26,0,0,0,628,487,141,0,0,0,0,0,0,39,17,22,1278,787,491,69,7,62
1315,6,85,511000,6812,6434,378,2449,1515,934,1532,869,663,19,0,19,7,7,0,819,612,207,46,16,30,0,0,0,26,11,15,1419,851,568,113,18,95
1316,6,85,511100,5539,5036,503,1846,1532,314,1252,1057,195,8,8,0,8,8,0,535,442,93,0,0,0,0,0,0,43,17,26,1188,1014,174,82,43,39
1317,6,85,511200,5058,4861,197,1670,1250,420,1231,920,311,18,18,0,0,0,0,336,248,88,0,0,0,31,31,0,54,33,21,1223,912,311,36,23,13
1318,6,85,511301,3810,3143,667,1801,694,1107,1423,584,839,31,0,31,0,0,0,188,82,106,0,0,0,18,6,12,141,22,119,1336,573,763,99,11,88
1319,6,85,511302,4018,3073,945,2136,511,1625,1479,403,1076,0,0,0,0,0,0,604,108,496,0,0,0,0,0,0,53,0,53,1375,370,1005,104,33,71
1320,6,85,511400,3573,3316,257,1335,879,456,988,621,367,53,28,25,0,0,0,266,202,64,0,0,0,28,28,0,0,0,0,935,621,314,53,0,53
1321,6,85,511500,7226,6778,448,3043,1668,1375,2214,1272,942,49,25,24,31,19,12,515,246,269,27,0,27,0,0,0,207,106,101,2056,1188,868,184,110,74
1322,6,85,511608,156,95,61,93,4,89,47,4,43,0,0,0,0,0,0,35,0,35,6,0,6,0,0,0,5,0,5,47,4,43,0,0,0
1323,6,85,511609,3140,2718,422,1714,211,1503,1333,196,1137,21,0,21,0,0,0,318,15,303,0,0,0,0,0,0,42,0,42,1235,196,1039,98,0,98
1324,6,85,511701,4349,4155,194,1565,1343,222,1168,997,171,13,0,13,0,0,0,384,346,38,0,0,0,0,0,0,0,0,0,1130,959,171,38,38,0
1325,6,85,511702,2812,2681,131,945,898,47,740,697,43,5,5,0,0,0,0,172,172,0,0,0,0,6,6,0,22,18,4,700,657,43,46,46,0
1326,6,85,511704,4626,4298,328,1723,1621,102,1186,1093,93,0,0,0,0,0,0,490,481,9,16,16,0,0,0,0,31,31,0,1172,1079,93,14,14,0
1327,6,85,511705,1007,959,48,357,306,51,257,215,42,5,5,0,0,0,0,85,79,6,0,0,0,0,0,0,10,7,3,245,203,42,19,19,0
1328,6,85,511707,2709,2479,230,1206,1070,136,954,818,136,0,0,0,0,0,0,252,252,0,0,0,0,0,0,0,0,0,0,881,799,82,73,19,54
1329,6,85,511800,4690,4074,616,1645,1263,382,1495,1158,337,0,0,0,0,0,0,26,26,0,0,0,0,0,0,0,124,79,45,1462,1137,325,44,32,12
1330,6,85,511905,3182,2954,228,1063,842,221,688,522,166,0,0,0,0,0,0,364,309,55,0,0,0,0,0,0,11,11,0,579,478,101,120,55,65
1331,6,85,511907,4061,3747,314,1344,1092,252,822,645,177,22,14,8,14,14,0,486,419,67,0,0,0,0,0,0,0,0,0,684,592,92,159,74,85
1332,6,85,511909,8022,7818,204,2658,2517,141,1544,1418,126,0,0,0,0,0,0,1068,1053,15,0,0,0,0,0,0,46,46,0,1504,1378,126,40,40,0
1333,6,85,511910,3235,3056,179,1051,984,67,787,778,9,13,13,0,0,0,0,242,193,49,0,0,0,0,0,0,9,0,9,757,748,9,30,30,0
1334,6,85,511911,4914,4165,749,1879,1361,518,1234,921,313,110,14,96,0,0,0,401,368,33,0,0,0,36,11,25,98,47,51,1158,858,300,93,63,30
1335,6,85,511912,5343,5087,256,1748,1515,233,923,758,165,35,35,0,0,0,0,685,638,47,0,0,0,22,8,14,83,76,7,891,726,165,44,44,0
1336,6,85,511913,4339,4245,94,1427,1356,71,1086,1033,53,7,7,0,0,0,0,284,266,18,9,9,0,34,34,0,7,7,0,974,925,49,146,142,4
1337,6,85,511914,5747,5369,378,1918,1736,182,1441,1302,139,9,9,0,7,7,0,358,331,27,8,8,0,41,32,9,54,47,7,1373,1238,135,89,85,4
1338,6,85,511915,3673,2022,1651,1275,416,859,785,313,472,77,26,51,0,0,0,167,66,101,0,0,0,180,6,174,66,5,61,603,293,310,362,26,336
1339,6,85,511916,4767,4074,693,1696,1189,507,1176,781,395,29,21,8,0,0,0,387,297,90,0,0,0,37,30,7,67,60,7,1045,734,311,198,107,91
1340,6,85,512001,6683,6155,528,2012,1685,327,863,778,85,40,29,11,0,0,0,993,780,213,0,0,0,78,78,0,38,20,18,667,590,77,292,277,15
1341,6,85,512005,6653,5482,1171,2217,1673,544,1645,1163,482,51,26,25,0,0,0,321,303,18,5,5,0,115,96,19,80,80,0,1389,990,399,371,269,102
1342,6,85,512017,9119,6352,2767,2213,1370,843,930,670,260,114,45,69,101,61,40,786,481,305,0,0,0,218,86,132,64,27,37,443,413,30,795,356,439
1343,6,85,512019,4774,3904,870,1563,991,572,917,593,324,129,48,81,16,16,0,401,291,110,0,0,0,43,22,21,57,21,36,767,515,252,215,122,93
1344,6,85,512020,7360,5956,1404,2561,563,1998,1353,201,1152,34,0,34,46,0,46,981,341,640,47,0,47,64,21,43,36,0,36,840,149,691,643,93,550
1345,6,85,512021,6147,5010,1137,2047,1682,365,1244,952,292,22,7,15,5,5,0,514,479,35,0,0,0,100,77,23,162,162,0,931,818,113,504,302,202
1346,6,85,512022,5812,3981,1831,1888,1068,820,990,634,356,95,25,70,18,2,16,566,305,261,8,0,8,183,84,99,28,18,10,683,501,182,515,226,289
1347,6,85,512023,6144,4179,1965,2024,1038,986,1146,686,460,214,62,152,0,0,0,319,165,154,0,0,0,266,65,201,79,60,19,704,408,296,733,377,356
1348,6,85,512024,4724,3716,1008,1635,931,704,956,640,316,143,22,121,32,0,32,317,163,154,0,0,0,98,61,37,89,45,44,790,579,211,297,112,185
1349,6,85,512025,3201,2597,604,1079,850,229,742,601,141,36,36,0,0,0,0,225,192,33,0,0,0,9,9,0,67,12,55,642,532,110,167,81,86
1350,6,85,512026,3979,3275,704,1312,872,440,702,486,216,48,26,22,10,10,0,274,254,20,17,17,0,179,62,117,82,17,65,532,410,122,379,148,231
1351,6,85,512027,4725,3509,1216,1577,619,958,1041,328,713,50,28,22,10,0,10,338,216,122,0,0,0,36,0,36,102,47,55,789,276,513,343,81,262
1352,6,85,512029,7342,6738,604,2472,1848,624,1654,1250,404,52,52,0,12,12,0,383,346,37,13,13,0,197,138,59,161,37,124,1439,1093,346,422,321,101
1353,6,85,512030,3010,2700,310,993,836,157,653,545,108,35,20,15,0,0,0,199,199,0,0,0,0,75,46,29,31,26,5,571,492,79,147,89,58
1354,6,85,512031,4323,3892,431,1369,1092,277,1041,813,228,7,7,0,17,0,17,191,159,32,0,0,0,38,38,0,75,75,0,855,708,147,235,143,92
1355,6,85,512032,3188,2777,411,1006,842,164,784,637,147,23,23,0,15,15,0,117,108,9,12,12,0,14,14,0,41,33,8,534,499,35,287,175,112
1356,6,85,512033,6747,5493,1254,2033,1393,640,1384,955,429,73,44,29,4,4,0,404,298,106,0,0,0,120,46,74,48,46,2,954,818,136,565,198,367
1357,6,85,512034,3198,2893,305,1019,787,232,746,562,184,12,0,12,0,0,0,155,145,10,0,0,0,79,53,26,27,27,0,606,504,102,236,128,108
1358,6,85,512035,4551,3937,614,1412,1083,329,933,684,249,69,63,6,0,0,0,213,186,27,0,0,0,152,112,40,45,38,7,732,579,153,375,239,136
1359,6,85,512036,5442,4941,501,1888,576,1312,1021,312,709,104,0,104,0,0,0,607,214,393,0,0,0,89,29,60,67,21,46,801,278,523,318,63,255
1360,6,85,512037,3269,2915,354,975,807,168,723,602,121,17,17,0,0,0,0,140,109,31,0,0,0,50,38,12,45,41,4,630,542,88,147,102,45
1361,6,85,512038,3132,2240,892,1073,715,358,628,446,182,80,47,33,0,0,0,211,161,50,0,0,0,75,52,23,79,9,70,424,312,112,362,186,176
1362,6,85,512039,4845,4218,627,1339,1046,293,573,419,154,99,84,15,0,0,0,535,422,113,0,0,0,48,37,11,84,84,0,375,317,58,298,191,107
1363,6,85,512042,2780,2056,724,868,497,371,386,196,190,44,23,21,0,0,0,291,212,79,0,0,0,98,54,44,49,12,37,148,92,56,373,170,203
1364,6,85,512043,6874,3147,3727,1592,611,981,658,307,351,113,32,81,0,0,0,379,150,229,0,0,0,335,81,254,107,41,66,270,204,66,820,238,582
1365,6,85,512045,5752,5124,628,1808,1540,268,1316,1152,164,63,45,18,0,0,0,273,238,35,0,0,0,91,52,39,65,53,12,1012,902,110,419,314,105
1366,6,85,512047,5465,4738,727,1708,1333,375,1261,975,286,0,0,0,0,0,0,310,262,48,0,0,0,86,82,4,51,14,37,1022,830,192,325,227,98
1367,6,85,512052,4667,3963,704,1762,764,998,1325,609,716,56,0,56,15,15,0,198,100,98,0,0,0,72,33,39,96,7,89,1148,564,584,292,93,199
1368,6,85,512053,4571,3562,1009,1433,940,493,883,646,237,99,71,28,10,0,10,263,155,108,0,0,0,113,31,82,65,37,28,591,521,70,432,167,265
1369,6,85,512100,1461,1167,294,455,285,170,350,209,141,0,0,0,2,2,0,61,61,0,0,0,0,42,13,29,0,0,0,223,147,76,169,75,94
1370,6,85,512200,4531,3740,791,1657,1416,241,1371,1142,229,26,14,12,0,0,0,169,169,0,0,0,0,20,20,0,71,71,0,1189,1000,189,243,203,40
1371,6,85,512305,4396,3738,658,1480,1201,279,1156,917,239,41,41,0,17,0,17,212,189,23,0,0,0,28,28,0,26,26,0,997,816,181,187,129,58
1372,6,85,512307,6475,5283,1192,2359,1906,453,1956,1586,370,20,20,0,15,15,0,195,157,38,40,20,20,65,65,0,68,43,25,1578,1319,259,522,366,156
1373,6,85,512308,8118,6932,1186,2464,2071,393,1751,1552,199,60,60,0,0,0,0,277,234,43,0,0,0,193,155,38,183,70,113,1575,1376,199,331,310,21
1374,6,85,512309,5135,4361,774,1712,1403,309,1394,1180,214,85,38,47,0,0,0,98,98,0,0,0,0,86,38,48,49,49,0,1262,1134,128,229,95,134
1375,6,85,512310,4222,2583,1639,1447,567,880,1001,376,625,13,0,13,0,0,0,238,175,63,0,0,0,146,0,146,49,16,33,601,331,270,552,45,507
1376,6,85,512311,3546,2999,547,1189,940,249,875,679,196,48,48,0,0,0,0,147,114,33,0,0,0,78,58,20,41,41,0,670,520,150,289,223,66
1377,6,85,512312,3126,2705,421,1079,875,204,854,680,174,30,24,6,7,7,0,65,60,5,6,6,0,72,72,0,45,26,19,656,527,129,282,233,49
1378,6,85,512313,3976,2551,1425,1186,447,739,979,370,609,32,23,9,8,0,8,58,32,26,0,0,0,109,22,87,0,0,0,585,324,261,513,68,445
1379,6,85,512314,6215,4308,1907,2158,1241,917,1611,927,684,86,6,80,31,22,9,103,80,23,0,0,0,258,175,83,69,31,38,1186,733,453,735,391,344
1380,6,85,512401,5025,3867,1158,1420,1027,393,1182,889,293,20,20,0,21,21,0,39,39,0,0,0,0,108,18,90,50,40,10,846,659,187,468,272,196
1381,6,85,512402,4979,4153,826,1446,1071,375,1113,833,280,14,2,12,8,8,0,120,109,11,0,0,0,133,64,69,58,55,3,829,706,123,438,210,228
1382,6,85,512503,8521,7902,619,2731,2356,375,2107,1819,288,92,37,55,0,0,0,281,269,12,0,0,0,43,43,0,208,188,20,1586,1376,210,650,572,78
1383,6,85,512505,7862,5613,2249,2186,1163,1023,1786,936,850,21,21,0,0,0,0,124,78,46,0,0,0,153,67,86,102,61,41,916,598,318,1061,426,635
1384,6,85,512506,7153,3886,3267,1906,858,1048,1367,601,766,28,0,28,37,8,29,161,143,18,0,0,0,288,88,200,25,18,7,401,282,119,1271,415,856
1385,6,85,512508,8502,4656,3846,2630,1407,1223,2152,1235,917,30,8,22,10,0,10,37,37,0,0,0,0,331,109,222,70,18,52,1100,853,247,1399,491,908
1386,6,85,512509,4205,3093,1112,1227,988,239,1006,874,132,52,43,9,11,0,11,49,29,20,0,0,0,90,31,59,19,11,8,635,605,30,491,311,180
1387,6,85,512510,6345,4985,1360,2258,1287,971,1701,1083,618,51,31,20,13,13,0,240,96,144,0,0,0,211,22,189,42,42,0,1130,809,321,795,309,486
1388,6,85,512602,2668,1901,767,802,482,320,676,400,276,4,0,4,0,0,0,84,71,13,0,0,0,35,11,24,3,0,3,375,304,71,343,107,236
1389,6,85,512603,4288,1873,2415,1101,233,868,785,141,644,15,0,15,31,0,31,44,23,21,0,0,0,210,69,141,16,0,16,177,74,103,854,136,718
1390,6,85,512604,4730,1871,2859,1174,381,793,879,313,566,11,0,11,27,7,20,38,38,0,0,0,0,199,19,180,20,4,16,180,96,84,945,247,698
1391,6,85,513000,4234,2315,1919,2223,10,2213,1135,10,1125,52,0,52,0,0,0,923,0,923,17,0,17,0,0,0,96,0,96,1057,10,1047,110,0,110
1392,6,85,513500,783,649,134,306,209,97,267,179,88,0,0,0,0,0,0,30,30,0,0,0,0,0,0,0,9,0,9,233,150,83,38,33,5
1393,6,95,250103,4554,3348,1206,1547,925,622,493,347,146,460,187,273,0,0,0,394,264,130,20,20,0,116,73,43,64,34,30,419,297,122,206,131,75
1394,6,95,250104,2128,1639,489,814,585,229,381,212,169,93,87,6,5,5,0,287,233,54,0,0,0,28,28,0,20,20,0,371,202,169,30,30,0
1395,6,95,250105,7153,5892,1261,2207,1388,819,513,271,242,485,315,170,0,0,0,1119,767,352,25,25,0,0,0,0,65,10,55,491,263,228,174,160,14
1396,6,95,250106,4991,4596,395,1396,1253,143,500,444,56,221,193,28,0,0,0,590,531,59,9,9,0,20,20,0,56,56,0,423,367,56,122,122,0
1397,6,95,250200,3940,2434,1506,1472,709,763,775,574,201,320,26,294,0,0,0,179,46,133,0,0,0,56,31,25,142,32,110,626,546,80,269,83,186
1398,6,95,250300,3254,1774,1480,1114,667,447,693,475,218,195,111,84,0,0,0,209,72,137,0,0,0,9,9,0,8,0,8,465,347,118,235,128,107
1399,6,95,250400,2563,1284,1279,1034,633,401,572,366,206,189,40,149,39,39,0,107,99,8,0,0,0,76,61,15,51,28,23,456,325,131,231,141,90
1400,6,95,250501,2247,1368,879,776,522,254,515,364,151,65,16,49,0,0,0,64,54,10,0,0,0,67,53,14,65,35,30,375,294,81,224,140,84
1401,6,95,250502,3133,2056,1077,1000,699,301,518,344,174,185,88,97,0,0,0,158,140,18,0,0,0,75,75,0,64,52,12,444,314,130,169,113,56
1402,6,95,250601,5074,2971,2103,1560,1017,543,845,508,337,418,345,73,0,0,0,120,78,42,26,0,26,40,36,4,111,50,61,534,315,219,353,231,122
1403,6,95,250604,3591,2943,648,1384,960,424,662,476,186,267,166,101,0,0,0,329,242,87,21,21,0,42,8,34,63,47,16,574,412,162,161,103,58
1404,6,95,250605,4224,3329,895,1577,1092,485,693,406,287,352,233,119,0,0,0,451,384,67,0,0,0,10,10,0,71,59,12,558,382,176,153,42,111
1405,6,95,250701,3415,1562,1853,1132,639,493,611,395,216,270,157,113,0,0,0,76,21,55,0,0,0,56,45,11,119,21,98,286,216,70,389,232,157
1406,6,95,250801,3521,2467,1054,1436,747,689,764,513,251,403,134,269,7,0,7,160,86,74,52,0,52,12,0,12,38,14,24,594,393,201,198,120,78
1407,6,95,250900,2468,620,1848,1207,101,1106,364,56,308,510,7,503,0,0,0,224,38,186,0,0,0,64,0,64,45,0,45,236,56,180,232,4,228
1408,6,95,251000,2653,1505,1148,1058,275,783,580,206,374,327,46,281,0,0,0,59,16,43,0,0,0,43,0,43,49,7,42,425,166,259,212,40,172
1409,6,95,251100,3105,1503,1602,1105,406,699,612,226,386,189,74,115,9,0,9,87,23,64,19,19,0,101,50,51,88,14,74,383,154,229,354,146,208
1410,6,95,251200,3487,1896,1591,1282,534,748,727,392,335,316,58,258,23,7,16,72,29,43,0,0,0,85,33,52,59,15,44,406,246,160,442,196,246
1411,6,95,251300,2615,2120,495,1179,876,303,811,738,73,197,55,142,16,16,0,99,38,61,22,22,0,23,7,16,11,0,11,704,631,73,144,119,25
1412,6,95,251400,5170,3930,1240,2126,1335,791,1237,911,326,437,200,237,0,0,0,302,148,154,51,0,51,0,0,0,99,76,23,1085,871,214,252,119,133
1413,6,95,251500,4253,1595,2658,1464,396,1068,707,328,379,453,23,430,0,0,0,175,36,139,0,0,0,46,0,46,83,9,74,399,221,178,418,116,302
1414,6,95,251600,2603,894,1709,1069,183,886,527,112,415,366,22,344,0,0,0,41,0,41,0,0,0,62,18,44,73,31,42,470,100,370,138,49,89
1415,6,95,251701,3651,1893,1758,1368,513,855,799,312,487,281,108,173,41,4,37,162,32,130,0,0,0,48,31,17,37,26,11,646,269,377,236,96,140
1416,6,95,251702,2730,1913,817,937,516,421,282,127,155,332,170,162,0,0,0,206,162,44,48,20,28,43,31,12,26,6,20,254,113,141,66,40,26
1417,6,95,251802,2478,930,1548,1213,311,902,487,177,310,226,11,215,0,0,0,405,115,290,0,0,0,19,8,11,76,0,76,327,116,211,196,69,127
1418,6,95,251803,4809,3054,1755,1384,945,439,620,450,170,187,91,96,0,0,0,334,212,122,11,0,11,179,150,29,53,42,11,404,298,106,432,339,93
1419,6,95,251804,3511,2548,963,972,695,277,385,321,64,115,53,62,0,0,0,400,284,116,0,0,0,45,28,17,27,9,18,156,114,42,292,253,39
1420,6,95,251901,5070,2463,2607,1829,730,1099,911,289,622,582,223,359,9,9,0,257,153,104,0,0,0,44,44,0,26,12,14,621,234,387,360,103,257
1421,6,95,251902,6080,3628,2452,1773,1007,766,623,407,216,450,162,288,0,0,0,386,288,98,50,23,27,96,64,32,168,63,105,352,207,145,483,295,188
1422,6,95,251903,5756,3603,2153,1653,1130,523,446,261,185,693,526,167,0,0,0,387,256,131,37,9,28,66,54,12,24,24,0,183,92,91,329,223,106
1423,6,95,252000,4279,3249,1030,2148,1111,1037,1698,943,755,151,0,151,44,44,0,185,66,119,0,0,0,49,49,0,21,9,12,1621,891,730,160,101,59
1424,6,95,252102,3696,2798,898,1473,886,587,1149,734,415,105,21,84,6,0,6,79,72,7,0,0,0,71,17,54,63,42,21,1005,668,337,201,95,106
1425,6,95,252103,5249,3681,1568,1980,993,987,700,319,381,465,214,251,26,5,21,598,364,234,43,0,43,40,40,0,108,51,57,509,273,236,324,96,228
1426,6,95,252104,5717,5180,537,1812,1551,261,1183,1058,125,129,111,18,0,0,0,353,307,46,0,0,0,48,48,0,99,27,72,1083,994,89,158,122,36
1427,6,95,252105,3187,2816,371,1250,998,252,981,769,212,77,58,19,0,0,0,130,109,21,0,0,0,18,18,0,44,44,0,851,699,152,157,97,60
1428,6,95,252106,4456,3908,548,1717,1081,636,1326,857,469,115,50,65,8,8,0,211,109,102,11,11,0,9,9,0,37,37,0,1125,730,395,253,179,74
1429,6,95,252107,3595,3153,442,1404,1105,299,1143,957,186,60,60,0,0,0,0,131,34,97,0,0,0,8,0,8,62,54,8,1087,934,153,93,44,49
1430,6,95,252108,3277,2616,661,1345,861,484,1072,717,355,114,42,72,0,0,0,80,23,57,10,10,0,22,22,0,47,47,0,988,663,325,138,101,37
1431,6,95,252201,9062,8218,844,3030,2477,553,1865,1607,258,241,165,76,0,0,0,569,497,72,40,0,40,157,100,57,158,108,50,1685,1517,168,291,190,101
1432,6,95,252202,10573,8832,1741,3191,2639,552,1557,1359,198,212,175,37,0,0,0,858,650,208,37,19,18,358,307,51,169,129,40,1411,1213,198,566,505,61
1433,6,95,252305,4990,4415,575,1680,1219,461,1131,859,272,136,109,27,20,20,0,304,174,130,0,0,0,69,50,19,20,7,13,935,707,228,334,222,112
1434,6,95,252306,3397,2988,409,1241,943,298,931,745,186,159,77,82,0,0,0,104,79,25,0,0,0,23,23,0,24,19,5,810,632,178,152,144,8
1435,6,95,252310,3226,2899,327,1261,937,324,923,679,244,102,68,34,0,0,0,181,144,37,0,0,0,16,16,0,39,30,9,801,567,234,129,119,10
1436,6,95,252311,4386,4184,202,1449,1069,380,891,674,217,236,143,93,0,0,0,204,185,19,0,0,0,9,9,0,109,58,51,738,564,174,183,136,47
1437,6,95,252312,3347,2478,869,1342,679,663,883,451,432,188,67,121,31,24,7,162,87,75,40,24,16,0,0,0,38,26,12,673,352,321,242,123,119
1438,6,95,252313,5849,4753,1096,2193,1270,923,1179,844,335,457,82,375,0,0,0,391,315,76,0,0,0,136,14,122,30,15,15,1046,775,271,269,83,186
1439,6,95,252314,3798,2840,958,1361,764,597,707,368,339,164,77,87,12,0,12,186,113,73,113,113,0,90,28,62,89,65,24,638,319,319,184,108,76
1440,6,95,252315,4414,3983,431,1436,1155,281,769,665,104,253,169,84,0,0,0,237,212,25,22,22,0,42,8,34,113,79,34,668,590,78,180,107,73
1441,6,95,252316,3675,2692,983,1138,671,467,589,410,179,230,109,121,0,0,0,161,123,38,0,0,0,59,6,53,99,23,76,479,315,164,181,113,68
1442,6,95,252317,7461,6911,550,2153,1546,607,1022,727,295,393,310,83,14,0,14,558,429,129,21,0,21,72,20,52,73,60,13,848,660,188,279,107,172
1443,6,95,252401,4419,2577,1842,1313,655,658,704,415,289,171,71,100,0,0,0,169,39,130,0,0,0,221,82,139,48,48,0,517,316,201,434,207,227
1444,6,95,252402,5240,2663,2577,1749,707,1042,865,354,511,293,99,194,35,35,0,231,100,131,18,0,18,223,96,127,84,23,61,550,288,262,583,181,402
1445,6,95,252501,2694,1319,1375,913,257,656,408,178,230,149,8,141,29,0,29,78,15,63,0,0,0,193,56,137,56,0,56,296,135,161,327,99,228
1446,6,95,252502,1789,647,1142,654,114,540,375,91,284,89,7,82,0,0,0,44,0,44,0,0,0,96,10,86,50,6,44,325,67,258,169,34,135
1447,6,95,252604,3080,1254,1826,1038,357,681,472,175,297,170,56,114,0,0,0,123,17,106,37,37,0,138,39,99,98,33,65,294,143,151,323,78,245
1448,6,95,252605,5837,2226,3611,1895,597,1298,755,335,420,447,59,388,73,20,53,206,90,116,53,0,53,321,78,243,40,15,25,488,267,221,700,198,502
1449,6,95,252606,5439,2830,2609,1632,557,1075,710,293,417,358,72,286,0,0,0,213,59,154,5,0,5,294,94,200,52,39,13,476,228,248,535,166,369
1450,6,95,252607,4351,1698,2653,1150,405,745,536,285,251,180,35,145,0,0,0,69,13,56,19,6,13,317,43,274,29,23,6,294,239,55,569,89,480
1451,6,95,252608,4282,2075,2207,1288,512,776,498,253,245,352,114,238,17,17,0,100,26,74,0,0,0,281,95,186,40,7,33,373,219,154,440,146,294
1452,6,95,252610,3004,2207,797,1028,647,381,559,370,189,238,91,147,0,0,0,83,64,19,0,0,0,105,105,0,43,17,26,407,292,115,290,190,100
1453,6,95,252611,3210,1561,1649,1074,481,593,376,238,138,367,136,231,22,0,22,75,64,11,27,21,6,84,11,73,123,11,112,218,128,90,335,132,203
1454,6,95,252702,6947,5216,1731,2239,1277,962,948,534,414,469,285,184,28,12,16,544,350,194,0,0,0,106,37,69,144,59,85,746,432,314,366,157,209
1455,6,95,252703,4022,2308,1714,1218,686,532,448,206,242,272,222,50,0,0,0,289,216,73,0,0,0,171,42,129,38,0,38,355,199,156,273,58,215
1456,6,95,252704,4747,3195,1552,1655,840,815,735,496,239,401,129,272,23,18,5,257,72,185,0,0,0,152,98,54,87,27,60,578,387,191,321,210,111
1457,6,95,252705,6259,4640,1619,1787,1218,569,801,594,207,374,218,156,49,27,22,274,212,62,86,62,24,124,87,37,79,18,61,592,463,129,370,228,142
1458,6,95,252706,3883,3164,719,1193,947,246,716,556,160,171,108,63,0,0,0,195,175,20,0,0,0,65,65,0,46,43,3,586,444,142,219,192,27
1459,6,95,252707,5315,3291,2024,1677,991,686,835,620,215,375,71,304,10,0,10,153,86,67,0,0,0,171,99,72,133,115,18,654,523,131,416,238,178
1460,6,95,252801,3115,1962,1153,840,13,827,538,0,538,112,13,99,0,0,0,85,0,85,13,0,13,20,0,20,72,0,72,461,0,461,124,0,124
1461,6,95,252802,804,673,131,280,0,280,212,0,212,46,0,46,0,0,0,4,0,4,0,0,0,0,0,0,18,0,18,191,0,191,21,0,21
1462,6,95,252903,4414,3555,859,1665,1374,291,1500,1227,273,20,20,0,2,2,0,41,33,8,9,9,0,60,60,0,33,23,10,1410,1181,229,141,97,44
1463,6,95,252904,6111,5516,595,2254,1513,741,1513,1001,512,150,107,43,20,9,11,225,198,27,0,0,0,173,117,56,173,81,92,1354,895,459,405,278,127
1464,6,95,252908,3864,2906,958,1283,577,706,1048,502,546,42,22,20,0,0,0,83,9,74,0,0,0,59,22,37,51,22,29,911,405,506,204,119,85
1465,6,95,252909,2996,2799,197,1050,834,216,858,702,156,51,51,0,23,8,15,55,41,14,0,0,0,41,10,31,22,22,0,775,646,129,144,86,58
1466,6,95,252910,6200,5041,1159,2009,1355,654,1441,916,525,194,126,68,0,0,0,74,57,17,13,13,0,74,61,13,213,182,31,1260,806,454,265,181,84
1467,6,95,252911,4818,3427,1391,2728,1606,1122,2389,1390,999,39,25,14,6,6,0,88,63,25,0,0,0,126,57,69,80,65,15,2252,1331,921,274,116,158
1468,6,95,252912,5522,5072,450,1836,1334,502,1464,1153,311,117,73,44,0,0,0,151,44,107,6,6,0,41,30,11,57,28,29,1274,979,295,251,215,36
1469,6,95,252913,5095,4484,611,1628,1113,515,1199,792,407,141,116,25,11,0,11,88,58,30,22,0,22,71,71,0,96,76,20,1020,672,348,281,211,70
1470,6,95,252914,5525,4750,775,1801,1221,580,1239,874,365,222,63,159,10,0,10,193,178,15,0,0,0,66,66,0,71,40,31,1092,783,309,245,157,88
1471,6,95,252915,4173,3828,345,1287,1102,185,748,672,76,165,121,44,0,0,0,214,190,24,0,0,0,93,93,0,67,26,41,607,531,76,238,238,0
1472,6,95,253000,0,0,0,0,0,0,0,0,0,0,0,0,0,0,0,0,0,0,0,0,0,0,0,0,0,0,0,0,0,0,0,0,0
1473,6,95,253101,5466,3688,1778,2047,1106,941,1729,976,753,77,36,41,32,0,32,15,7,8,14,14,0,107,0,107,73,73,0,1425,841,584,405,152,253
1474,6,95,253105,5835,3434,2401,2408,739,1669,1668,573,1095,181,58,123,64,15,49,162,34,128,0,0,0,45,45,0,288,14,274,1427,488,939,427,145,282
1475,6,95,253106,3464,2746,718,1259,658,601,926,522,404,127,20,107,10,10,0,81,38,43,0,0,0,89,63,26,26,5,21,849,469,380,185,126,59
1476,6,95,253107,6257,4354,1903,2325,1091,1234,1675,972,703,173,71,102,0,0,0,75,16,59,0,0,0,267,17,250,135,15,120,1442,855,587,539,149,390
1477,6,95,253108,4653,3471,1182,1612,955,657,1123,760,363,163,19,144,0,0,0,130,108,22,6,6,0,54,0,54,136,62,74,907,630,277,279,139,140
1478,6,95,253201,4903,4430,473,1819,1598,221,1598,1414,184,99,79,20,0,0,0,27,27,0,0,0,0,27,10,17,68,68,0,1467,1293,174,183,156,27
1479,6,95,253203,3862,2638,1224,1429,696,733,1175,587,588,88,48,40,6,0,6,32,16,16,0,0,0,101,35,66,27,10,17,1034,541,493,268,98,170
1480,6,95,253204,7131,4611,2520,2351,1166,1185,1572,883,689,253,71,182,0,0,0,98,54,44,0,0,0,263,73,190,165,85,80,1344,843,501,603,188,415
1481,6,95,253205,3441,2218,1223,990,556,434,680,441,239,60,8,52,0,0,0,36,22,14,0,0,0,167,63,104,47,22,25,588,376,212,265,134,131
1482,6,95,253206,3051,2760,291,1005,767,238,815,638,177,27,17,10,0,0,0,96,45,51,0,0,0,28,28,0,39,39,0,704,541,163,139,125,14
1483,6,95,253300,3017,2162,855,913,490,423,675,412,263,0,0,0,8,0,8,20,20,0,0,0,0,182,30,152,28,28,0,639,407,232,226,35,191
1484,6,95,253402,7366,4513,2853,2204,1363,841,1593,1026,567,50,20,30,31,13,18,57,0,57,0,0,0,402,250,152,71,54,17,1149,714,435,919,600,319
1485,6,95,253403,5161,4035,1126,1521,1287,234,1227,1031,196,10,0,10,0,0,0,62,62,0,0,0,0,169,152,17,53,42,11,1058,942,116,374,266,108
1486,6,95,253404,6672,4720,1952,2191,1388,803,1667,1149,518,136,7,129,0,0,0,38,26,12,25,25,0,213,103,110,112,78,34,1343,980,363,593,328,265
1487,6,95,253500,9393,6639,2754,4405,3189,1216,3460,2518,942,319,253,66,25,0,25,371,336,35,0,0,0,187,50,137,43,32,11,3299,2404,895,331,147,184
1488,6,95,980000,0,0,0,0,0,0,0,0,0,0,0,0,0,0,0,0,0,0,0,0,0,0,0,0,0,0,0,0,0,0,0,0,0
1489,6,97,150100,2489,2216,273,1025,751,274,1000,726,274,0,0,0,13,13,0,0,0,0,0,0,0,7,7,0,5,5,0,983,718,265,24,15,9
1490,6,97,150202,5051,3917,1134,2348,1558,790,2129,1422,707,0,0,0,0,0,0,29,29,0,0,0,0,150,99,51,40,8,32,1928,1319,609,351,202,149
1491,6,97,150203,4862,3764,1098,2273,1284,989,2119,1229,890,0,0,0,0,0,0,55,55,0,0,0,0,78,0,78,21,0,21,2044,1229,815,174,0,174
1492,6,97,150204,3705,2834,871,1741,918,823,1621,892,729,0,0,0,13,5,8,12,0,12,0,0,0,68,10,58,27,11,16,1577,858,719,112,44,68
1493,6,97,150303,4649,3788,861,2292,1921,371,2235,1864,371,0,0,0,15,15,0,17,17,0,0,0,0,0,0,0,25,25,0,2184,1829,355,66,50,16
1494,6,97,150304,6086,4162,1924,2182,1312,870,1824,1251,573,17,17,0,13,0,13,0,0,0,35,0,35,270,44,226,23,0,23,1603,1192,411,520,103,417
1495,6,97,150305,6126,3408,2718,1789,879,910,1267,729,538,12,0,12,0,0,0,29,20,9,0,0,0,463,112,351,18,18,0,749,583,166,981,258,723
1496,6,97,150306,3982,2746,1236,1645,1095,550,1388,967,421,0,0,0,5,0,5,27,10,17,0,0,0,211,106,105,14,12,2,1269,907,362,333,169,164
1497,6,97,150500,5052,3958,1094,2185,1439,746,2140,1406,734,0,0,0,12,0,12,33,33,0,0,0,0,0,0,0,0,0,0,2082,1392,690,70,14,56
1498,6,97,150601,4558,3382,1176,1378,931,447,1083,806,277,0,0,0,11,0,11,46,23,23,16,16,0,199,63,136,23,23,0,923,770,153,371,108,263
1499,6,97,150602,3966,3380,586,1460,1299,161,1233,1081,152,0,0,0,0,0,0,113,113,0,0,0,0,79,70,9,35,35,0,1133,981,152,154,145,9
1500,6,97,150603,6723,5139,1584,2561,1535,1026,2186,1366,820,0,0,0,0,0,0,111,49,62,0,0,0,227,120,107,37,0,37,2097,1345,752,315,132,183
1501,6,97,150607,5408,4970,438,1770,1388,382,1572,1254,318,11,11,0,4,4,0,92,58,34,0,0,0,61,31,30,30,30,0,1490,1205,285,147,84,63
1502,6,97,150609,4671,3499,1172,1948,1439,509,1664,1239,425,7,7,0,0,0,0,107,107,0,0,0,0,145,74,71,25,12,13,1447,1093,354,362,220,142
1503,6,97,150610,4043,3099,944,1359,1073,286,1138,943,195,0,0,0,0,0,0,82,65,17,0,0,0,76,19,57,63,46,17,1078,894,184,160,87,73
1504,6,97,150611,4515,3697,818,1547,799,748,1193,652,541,77,31,46,0,0,0,134,94,40,0,0,0,115,13,102,28,9,19,1077,575,502,281,121,160
1505,6,97,150612,4337,3905,432,1627,1165,462,1388,961,427,10,0,10,5,5,0,76,76,0,0,0,0,92,79,13,56,44,12,1341,929,412,139,124,15
1506,6,97,150701,4792,3425,1367,2061,919,1142,1684,823,861,0,0,0,0,0,0,58,12,46,0,0,0,228,25,203,91,59,32,1646,785,861,298,63,235
1507,6,97,150702,5002,4265,737,1819,1402,417,1693,1317,376,0,0,0,0,0,0,57,57,0,0,0,0,33,20,13,36,8,28,1606,1266,340,120,71,49
1508,6,97,150800,5117,3907,1210,2008,1036,972,1738,999,739,24,0,24,0,0,0,61,37,24,0,0,0,120,0,120,65,0,65,1636,963,673,255,36,219
1509,6,97,150901,4906,3341,1565,2002,1077,925,1619,906,713,70,0,70,23,8,15,29,29,0,0,0,0,195,96,99,66,38,28,1479,862,617,353,130,223
1510,6,97,150902,3275,2696,579,1397,941,456,1344,910,434,0,0,0,10,0,10,0,0,0,0,0,0,5,5,0,38,26,12,1278,855,423,72,55,17
1511,6,97,151000,3890,3035,855,1512,893,619,1345,841,504,14,8,6,3,3,0,51,37,14,0,0,0,63,0,63,36,4,32,1223,795,428,201,46,155
1512,6,97,151100,5333,4204,1129,1891,1146,745,1748,1094,654,13,7,6,15,9,6,14,8,6,0,0,0,87,14,73,14,14,0,1651,1055,596,188,57,131
1513,6,97,151201,7068,4329,2739,2799,1786,1013,2091,1309,782,24,24,0,0,0,0,161,30,131,0,0,0,439,394,45,84,29,55,1980,1270,710,567,450,117
1514,6,97,151203,4672,3507,1165,1896,1128,768,1734,1027,707,10,10,0,0,0,0,48,41,7,0,0,0,62,17,45,42,33,9,1607,954,653,215,107,108
1515,6,97,151204,3312,2197,1115,1326,763,563,1065,638,427,29,21,8,0,0,0,41,16,25,0,0,0,71,23,48,120,65,55,993,588,405,158,73,85
1516,6,97,151301,4708,3473,1235,1599,824,775,1208,666,542,56,0,56,0,0,0,74,26,48,0,0,0,162,75,87,99,57,42,1030,590,440,380,174,206
1517,6,97,151305,5841,3020,2821,2366,590,1776,1842,417,1425,57,39,18,11,0,11,87,47,40,0,0,0,304,70,234,65,17,48,1606,359,1247,586,128,458
1518,6,97,151306,3512,2485,1027,1550,872,678,1275,759,516,16,10,6,6,0,6,105,55,50,0,0,0,89,19,70,59,29,30,1194,732,462,182,46,136
1519,6,97,151307,5719,4491,1228,1958,1420,538,1654,1266,388,22,0,22,38,0,38,70,70,0,0,0,0,64,40,24,110,44,66,1517,1181,336,251,125,126
1520,6,97,151308,4585,3372,1213,1914,992,922,1625,892,733,55,14,41,0,0,0,51,8,43,0,0,0,98,78,20,85,0,85,1537,835,702,211,119,92
1521,6,97,151309,5249,4292,957,1968,1288,680,1776,1209,567,46,0,46,0,0,0,83,52,31,6,0,6,28,13,15,29,14,15,1576,1064,512,291,174,117
1522,6,97,151310,4227,3097,1130,1491,747,744,1196,619,577,10,10,0,0,0,0,113,96,17,0,0,0,98,11,87,74,11,63,1092,569,523,239,61,178
1523,6,97,151311,6500,4422,2078,2272,1238,1034,1960,1104,856,34,0,34,31,0,31,169,69,100,0,0,0,43,43,0,35,22,13,1899,1084,815,141,46,95
1524,6,97,151401,7458,4841,2617,2419,1222,1197,1727,920,807,0,0,0,48,0,48,169,111,58,12,0,12,363,143,220,100,48,52,1438,842,596,730,221,509
1525,6,97,151402,9313,5284,4029,3329,1488,1841,2294,1061,1233,48,37,11,73,16,57,117,47,70,42,22,20,564,179,385,191,126,65,1759,822,937,1210,463,747
1526,6,97,151502,7113,5735,1378,2977,1370,1607,2523,1254,1269,119,35,84,24,7,17,105,43,62,0,0,0,86,16,70,120,15,105,2513,1254,1259,144,31,113
1527,6,97,151503,3435,3205,230,1377,1290,87,1326,1239,87,0,0,0,0,0,0,38,38,0,0,0,0,0,0,0,13,13,0,1313,1226,87,26,26,0
1528,6,97,151504,3344,2919,425,1316,1012,304,1200,917,283,42,30,12,0,0,0,39,36,3,0,0,0,6,0,6,29,29,0,1124,889,235,94,28,66
1529,6,97,151601,2707,2328,379,1680,1253,427,1599,1187,412,0,0,0,0,0,0,46,46,0,0,0,0,6,6,0,29,14,15,1586,1174,412,13,13,0
1530,6,97,151602,3267,2826,441,1861,1616,245,1854,1609,245,0,0,0,0,0,0,7,7,0,0,0,0,0,0,0,0,0,0,1818,1573,245,36,36,0
1531,6,97,151700,6364,4330,2034,2697,1138,1559,2216,1026,1190,14,0,14,0,0,0,104,52,52,31,0,31,121,0,121,211,60,151,2044,972,1072,417,54,363
1532,6,97,151800,4998,3797,1201,2048,1219,829,1848,1093,755,10,10,0,0,0,0,25,25,0,0,0,0,93,19,74,72,72,0,1729,1056,673,206,50,156
1533,6,97,151900,3163,1560,1603,1398,371,1027,1098,332,766,59,0,59,27,10,17,24,0,24,0,0,0,109,18,91,81,11,70,950,308,642,285,52,233
1534,6,97,152000,1824,1019,805,920,91,829,745,80,665,27,0,27,13,3,10,8,0,8,0,0,0,69,0,69,58,8,50,696,80,616,125,0,125
1535,6,97,152100,2440,1763,677,1053,539,514,852,464,388,0,0,0,14,0,14,43,36,7,6,0,6,126,39,87,12,0,12,805,427,378,187,76,111
1536,6,97,152201,3687,2085,1602,1687,642,1045,1405,611,794,46,9,37,6,0,6,42,6,36,0,0,0,44,4,40,144,12,132,1343,611,732,202,4,198
1537,6,97,152202,6204,4362,1842,2738,1419,1319,2163,1326,837,52,0,52,35,16,19,128,25,103,0,0,0,192,0,192,168,52,116,2086,1313,773,415,81,334
1538,6,97,152203,3547,2395,1152,1810,609,1201,1493,587,906,69,0,69,35,0,35,20,0,20,0,0,0,44,13,31,149,9,140,1389,576,813,157,24,133
1539,6,97,152300,4306,3676,630,1818,1326,492,1689,1250,439,0,0,0,0,0,0,42,21,21,0,0,0,0,0,0,87,55,32,1584,1177,407,137,73,64
1540,6,97,152400,10059,9496,563,4287,3248,1039,3268,2681,587,31,0,31,90,0,90,483,380,103,32,32,0,200,84,116,183,71,112,3212,2625,587,318,140,178
1541,6,97,152501,4467,3489,978,1671,788,883,1459,687,772,45,12,33,21,21,0,52,22,30,0,0,0,67,30,37,27,16,11,1368,687,681,170,42,128
1542,6,97,152502,3399,2494,905,1513,927,586,1368,869,499,0,0,0,21,12,9,60,29,31,0,0,0,49,10,39,15,7,8,1196,816,380,221,63,158
1543,6,97,152600,8065,6826,1239,3176,2610,566,2973,2454,519,24,24,0,0,0,0,81,61,20,0,0,0,0,0,0,98,71,27,2788,2396,392,185,58,127
1544,6,97,152701,5453,3740,1713,2160,1447,713,1899,1287,612,17,17,0,0,0,0,45,45,0,0,0,0,52,0,52,147,98,49,1769,1234,535,159,82,77
1545,6,97,152702,5412,3659,1753,2091,996,1095,1727,946,781,12,0,12,0,0,0,55,44,11,0,0,0,185,0,185,112,6,106,1618,934,684,309,12,297
1546,6,97,152801,5376,4016,1360,1949,1366,583,1557,1166,391,15,15,0,25,0,25,103,103,0,0,0,0,195,52,143,54,30,24,1407,1055,352,370,163,207
1547,6,97,152802,7122,3939,3183,2775,687,2088,2006,556,1450,65,14,51,24,0,24,70,23,47,22,0,22,507,42,465,81,52,29,1668,499,1169,880,99,781
1548,6,97,152903,5261,2275,2986,1490,571,919,875,416,459,87,15,72,50,21,29,107,45,62,0,0,0,288,64,224,83,10,73,642,385,257,643,121,522
1549,6,97,152904,5350,3998,1352,1976,1216,760,1665,1063,602,51,19,32,9,9,0,80,59,21,0,0,0,104,16,88,67,50,17,1529,995,534,257,84,173
1550,6,97,152905,4252,3119,1133,1581,1000,581,1139,811,328,19,0,19,24,0,24,157,149,8,0,0,0,127,7,120,115,33,82,987,763,224,303,55,248
1551,6,97,152906,5910,4584,1326,2077,1343,734,1788,1191,597,61,43,18,0,0,0,91,35,56,0,0,0,103,64,39,34,10,24,1687,1170,517,228,85,143
1552,6,97,153001,7235,3914,3321,2490,860,1630,2041,678,1363,72,0,72,7,0,7,89,54,35,0,0,0,190,73,117,91,55,36,1428,593,835,848,203,645
1553,6,97,153002,6397,3358,3039,1913,825,1088,1419,699,720,65,34,31,17,17,0,42,14,28,33,0,33,312,61,251,25,0,25,1046,545,501,685,215,470
1554,6,97,153003,5990,3491,2499,2028,1050,978,1505,853,652,18,9,9,6,6,0,85,44,41,0,0,0,393,138,255,21,0,21,1273,808,465,643,189,454
1555,6,97,153005,7236,5509,1727,2470,1614,856,2096,1477,619,25,0,25,34,16,18,86,59,27,8,0,8,159,0,159,62,62,0,1853,1399,454,451,109,342
1556,6,97,153006,7818,4579,3239,2830,1780,1050,2326,1560,766,22,0,22,7,0,7,52,52,0,0,0,0,310,137,173,113,31,82,2077,1463,614,568,236,332
1557,6,97,153102,5612,2819,2793,1453,764,689,811,603,208,68,34,34,112,15,97,97,54,43,0,0,0,340,58,282,25,0,25,505,408,97,750,253,497
1558,6,97,153103,4535,2665,1870,1409,676,733,909,499,410,23,14,9,70,28,42,68,7,61,0,0,0,267,108,159,72,20,52,587,384,203,689,243,446
1559,6,97,153104,4074,1782,2292,1176,256,920,662,198,464,48,0,48,35,0,35,88,0,88,0,0,0,272,58,214,71,0,71,452,182,270,561,74,487
1560,6,97,153200,8275,4403,3872,2523,1159,1364,1608,795,813,44,44,0,96,0,96,130,48,82,13,13,0,406,224,182,226,35,191,1111,447,664,1117,585,532
1561,6,97,153300,12550,7640,4910,3683,1974,1709,2510,1367,1143,176,100,76,104,48,56,232,152,80,0,0,0,518,218,300,143,89,54,2044,1129,915,1072,516,556
1562,6,97,153401,6596,4731,1865,2878,1443,1435,2655,1443,1212,8,0,8,0,0,0,44,0,44,0,0,0,66,0,66,105,0,105,2489,1396,1093,337,47,290
1563,6,97,153403,3594,2587,1007,1556,971,585,1422,902,520,10,10,0,16,6,10,24,7,17,7,0,7,40,40,0,37,6,31,1346,837,509,126,105,21
1564,6,97,153404,4391,3458,933,1844,1182,662,1675,1086,589,13,13,0,28,0,28,20,13,7,0,0,0,77,39,38,31,31,0,1659,1070,589,68,30,38
1565,6,97,153501,4631,3774,857,1952,1370,582,1753,1239,514,49,38,11,0,0,0,31,31,0,0,0,0,55,41,14,64,21,43,1658,1197,461,184,83,101
1566,6,97,153502,4243,3202,1041,1693,1270,423,1559,1211,348,17,17,0,7,7,0,29,29,0,0,0,0,64,0,64,17,6,11,1479,1199,280,144,12,132
1567,6,97,153600,5578,3947,1631,2350,1510,840,2192,1395,797,0,0,0,0,0,0,27,0,27,0,0,0,96,80,16,35,35,0,2085,1343,742,197,126,71
1568,6,97,153703,3039,1906,1133,1650,1019,631,1548,968,580,7,7,0,13,8,5,15,15,0,0,0,0,26,0,26,41,21,20,1518,950,568,56,18,38
1569,6,97,153704,3734,2302,1432,1687,877,810,1482,787,695,0,0,0,8,8,0,9,9,0,0,0,0,31,7,24,157,66,91,1374,757,617,203,62,141
1570,6,97,153705,3917,2582,1335,1745,1138,607,1634,1066,568,12,12,0,0,0,0,13,13,0,0,0,0,45,12,33,41,35,6,1519,1012,507,160,66,94
1571,6,97,153706,4422,3408,1014,1928,1469,459,1821,1402,419,12,12,0,6,6,0,30,30,0,0,0,0,45,11,34,14,8,6,1756,1368,388,110,45,65
1572,6,97,153801,10715,8491,2224,3132,1986,1146,2347,1599,748,23,0,23,115,39,76,138,96,42,0,0,0,407,209,198,102,43,59,2033,1388,645,847,463,384
1573,6,97,153804,3169,2694,475,1185,927,258,1048,830,218,0,0,0,0,0,0,29,21,8,0,0,0,79,58,21,29,18,11,978,770,208,160,129,31
1574,6,97,153806,3276,2673,603,1298,1016,282,1183,943,240,0,0,0,0,0,0,52,35,17,0,0,0,54,29,25,9,9,0,1086,881,205,151,91,60
1575,6,97,153807,3825,3332,493,1378,1239,139,1326,1187,139,0,0,0,0,0,0,30,30,0,0,0,0,0,0,0,22,22,0,1190,1051,139,146,146,0
1576,6,97,153808,4235,3006,1229,1482,1019,463,1044,829,215,10,0,10,41,34,7,45,12,33,0,0,0,319,128,191,23,16,7,876,685,191,532,310,222
1577,6,97,153809,4420,3378,1042,1577,1169,408,1281,1036,245,0,0,0,0,0,0,24,17,7,0,0,0,216,60,156,56,56,0,1167,993,174,292,117,175
1578,6,97,153901,4852,3959,893,2128,1506,622,1924,1442,482,0,0,0,29,0,29,51,14,37,0,0,0,42,20,22,82,30,52,1767,1322,445,261,157,104
1579,6,97,153902,4269,2526,1743,1717,708,1009,1273,658,615,0,0,0,0,0,0,15,7,8,0,0,0,408,29,379,21,14,7,1087,587,500,594,100,494
1580,6,97,153903,4050,2984,1066,1690,1075,615,1553,1045,508,0,0,0,7,0,7,19,19,0,0,0,0,86,0,86,25,11,14,1413,963,450,226,82,144
1581,6,97,154000,2744,1976,768,1047,715,332,889,674,215,0,0,0,1,1,0,2,2,0,0,0,0,152,38,114,3,0,3,846,641,205,198,71,127
1582,6,97,154100,3869,2862,1007,1382,798,584,1147,738,409,8,0,8,10,4,6,0,0,0,0,0,0,192,41,151,25,15,10,1083,711,372,264,72,192
1583,6,97,154201,3890,1733,2157,1349,664,685,1075,598,477,13,0,13,70,53,17,0,0,0,0,0,0,168,13,155,23,0,23,806,499,307,458,122,336
1584,6,97,154202,5829,4800,1029,2264,1746,518,1944,1551,393,36,0,36,0,0,0,47,47,0,0,0,0,152,97,55,85,51,34,1663,1328,335,496,349,147
1585,6,97,154302,3202,2179,1023,1607,1205,402,1525,1176,349,10,0,10,7,0,7,19,9,10,0,0,0,26,0,26,20,20,0,1505,1166,339,46,10,36
1586,6,97,154303,1457,1255,202,758,581,177,724,579,145,4,0,4,0,0,0,0,0,0,0,0,0,22,0,22,8,2,6,724,579,145,22,0,22
1587,6,97,154304,2135,1573,562,958,561,397,860,531,329,11,9,2,17,3,14,0,0,0,0,0,0,62,18,44,8,0,8,835,506,329,89,43,46
1588,6,97,990100,0,0,0,0,0,0,0,0,0,0,0,0,0,0,0,0,0,0,0,0,0,0,0,0,0,0,0,0,0,0,0,0,0