"","state","county","tract","B25064_001E","B19013_001E","B25003_001E","B25003_002E","B25003_003E","B25003A_001E","B25003A_002E","B25003A_003E","B25003B_001E","B25003B_002E","B25003B_003E","B25003C_001E","B25003C_002E","B25003C_003E","B25003D_001E","B25003D_002E","B25003D_003E","B25003E_001E","B25003E_002E","B25003E_003E","B25003F_001E","B25003F_002E","B25003F_003E","B25003G_001E","B25003G_002E","B25003G_003E","B25003H_001E","B25003H_002E","B25003H_003E","B25003I_001E","B25003I_002E","B25003I_003E"
"1","06","001","400100",3202,177417,1292,1164,128,983,864,119,44,44,0,0,0,0,210,210,0,0,0,0,9,0,9,46,46,0,956,837,119,35,35,0
"2","06","001","400200",1770,153125,813,531,282,707,471,236,4,0,4,4,4,0,71,36,35,0,0,0,0,0,0,27,20,7,648,423,225,72,61,11
"3","06","001","400300",1208,85313,2439,1136,1303,1788,986,802,280,0,280,0,0,0,254,95,159,8,8,0,36,0,36,73,47,26,1632,951,681,209,35,174
"4","06","001","400400",1584,99539,1798,708,1090,1267,546,721,165,74,91,12,12,0,247,76,171,0,0,0,18,0,18,89,0,89,1183,486,697,138,72,66
"5","06","001","400500",1438,83650,1643,609,1034,1018,359,659,449,232,217,0,0,0,61,8,53,0,0,0,48,0,48,67,10,57,959,352,607,88,7,81
"6","06","001","400600",1221,61597,713,319,394,375,186,189,218,81,137,5,0,5,43,24,19,0,0,0,9,4,5,63,24,39,362,183,179,45,9,36
"7","06","001","400700",1197,46424,1787,644,1143,728,308,420,830,271,559,30,6,24,34,27,7,0,0,0,82,0,82,83,32,51,604,290,314,228,18,210
"8","06","001","400800",1329,61111,1580,572,1008,769,342,427,522,126,396,7,0,7,198,57,141,0,0,0,43,22,21,41,25,16,730,342,388,100,31,69
"9","06","001","400900",1457,55691,1025,305,720,430,185,245,360,78,282,4,4,0,95,16,79,0,0,0,84,22,62,52,0,52,364,179,185,113,20,93
"10","06","001","401000",1191,51073,2619,793,1826,938,321,617,1038,292,746,9,9,0,96,30,66,52,38,14,243,45,198,243,58,185,857,314,543,447,83,364
"11","06","001","401100",1324,71205,2032,532,1500,1475,298,1177,344,181,163,0,0,0,122,53,69,0,0,0,29,0,29,62,0,62,1347,260,1087,189,38,151
"12","06","001","401200",1371,83208,1231,437,794,832,304,528,217,65,152,10,0,10,66,49,17,0,0,0,42,0,42,64,19,45,794,288,506,108,25,83
"13","06","001","401300",972,37123,1705,229,1476,585,115,470,597,46,551,10,0,10,318,34,284,0,0,0,48,16,32,147,18,129,517,96,421,180,35,145
"14","06","001","401400",982,25985,1544,227,1317,417,67,350,735,116,619,34,6,28,119,29,90,27,0,27,145,0,145,67,9,58,267,57,210,318,19,299
"15","06","001","401500",1029,48903,1023,368,655,351,169,182,509,141,368,4,2,2,66,36,30,10,0,10,24,0,24,59,20,39,301,150,151,90,21,69
"16","06","001","401600",1183,36544,781,170,611,333,64,269,238,37,201,11,0,11,92,53,39,11,0,11,39,0,39,57,16,41,282,64,218,115,4,111
"17","06","001","401700",1229,66308,1231,605,626,577,334,243,312,119,193,0,0,0,166,79,87,0,0,0,141,44,97,35,29,6,456,261,195,270,117,153
"18","06","001","401800",944,28185,731,168,563,269,82,187,348,68,280,0,0,0,24,6,18,0,0,0,34,6,28,56,6,50,231,80,151,85,14,71
"19","06","001","402200",956,45400,838,299,539,306,130,176,326,114,212,3,3,0,111,27,84,11,0,11,39,15,24,42,10,32,241,118,123,121,27,94
"20","06","001","402400",840,33724,1151,193,958,245,41,204,649,139,510,15,0,15,202,9,193,0,0,0,36,0,36,4,4,0,190,41,149,109,11,98
"21","06","001","402500",746,23693,704,102,602,92,25,67,500,73,427,0,0,0,43,0,43,0,0,0,30,0,30,39,4,35,60,4,56,91,25,66
"22","06","001","402600",801,22955,654,101,553,136,39,97,207,20,187,2,0,2,297,42,255,0,0,0,4,0,4,8,0,8,102,39,63,38,0,38
"23","06","001","402700",1072,44792,680,81,599,183,32,151,347,30,317,8,0,8,44,5,39,0,0,0,44,0,44,54,14,40,133,20,113,137,12,125
"24","06","001","402800",771,17363,2295,130,2165,561,51,510,1029,40,989,36,0,36,501,26,475,0,0,0,27,0,27,141,13,128,484,51,433,198,7,191
"25","06","001","402900",886,28854,853,5,848,257,0,257,216,0,216,6,0,6,288,5,283,0,0,0,18,0,18,68,0,68,227,0,227,59,0,59
"26","06","001","403000",631,19490,1611,350,1261,122,20,102,69,0,69,11,11,0,1340,303,1037,34,0,34,8,0,8,27,16,11,122,20,102,0,0,0
"27","06","001","403100",909,51184,712,196,516,225,64,161,89,17,72,9,0,9,378,115,263,0,0,0,7,0,7,4,0,4,225,64,161,7,0,7
"28","06","001","403300",1414,52246,2158,486,1672,717,199,518,221,75,146,19,0,19,1019,178,841,0,0,0,98,0,98,84,34,50,605,185,420,210,14,196
"29","06","001","403400",1135,51172,2746,276,2470,1281,197,1084,575,3,572,32,7,25,598,56,542,0,0,0,105,0,105,155,13,142,1184,187,997,212,10,202
"30","06","001","403501",1010,37032,2583,328,2255,899,176,723,748,65,683,58,8,50,678,79,599,0,0,0,41,0,41,159,0,159,828,153,675,197,23,174
"31","06","001","403502",1426,67672,1170,267,903,658,141,517,267,32,235,0,0,0,148,68,80,0,0,0,51,8,43,46,18,28,633,141,492,83,8,75
"32","06","001","403600",1317,70600,2530,390,2140,1242,230,1012,753,67,686,19,0,19,239,83,156,0,0,0,27,0,27,250,10,240,1176,193,983,164,37,127
"33","06","001","403701",1306,66086,1683,211,1472,1169,144,1025,232,25,207,0,0,0,176,34,142,0,0,0,41,8,33,65,0,65,1079,118,961,114,34,80
"34","06","001","403702",1621,78266,1123,276,847,768,227,541,106,9,97,0,0,0,134,0,134,29,10,19,39,0,39,47,30,17,714,227,487,110,0,110
"35","06","001","403800",1477,85313,1808,587,1221,1325,408,917,111,38,73,0,0,0,257,125,132,0,0,0,32,0,32,83,16,67,1191,383,808,193,32,161
"36","06","001","403900",1379,73125,2244,772,1472,1545,555,990,336,108,228,0,0,0,284,98,186,0,0,0,51,0,51,28,11,17,1495,555,940,98,16,82
"37","06","001","404000",1323,77065,1650,489,1161,1135,357,778,109,38,71,5,5,0,164,46,118,18,0,18,131,0,131,88,43,45,1068,336,732,240,38,202
"38","06","001","404101",1523,86635,1679,661,1018,1214,457,757,98,67,31,3,3,0,230,61,169,0,0,0,14,0,14,120,73,47,1157,450,707,74,15,59
"39","06","001","404102",1279,77303,1515,254,1261,1128,199,929,79,9,70,12,0,12,181,20,161,19,0,19,25,18,7,71,8,63,1107,199,908,125,18,107
"40","06","001","404200",2263,169519,1285,1002,283,1009,810,199,149,112,37,0,0,0,100,61,39,0,0,0,0,0,0,27,19,8,972,783,189,37,27,10
"41","06","001","404300",1773,193523,1252,1024,228,940,776,164,85,54,31,0,0,0,127,117,10,24,24,0,53,53,0,23,0,23,918,776,142,96,53,43
"42","06","001","404400",2280,150074,2317,1979,338,1753,1489,264,110,88,22,0,0,0,410,377,33,0,0,0,0,0,0,44,25,19,1656,1423,233,112,81,31
"43","06","001","404501",1804,181484,679,585,94,527,463,64,28,19,9,0,0,0,95,79,16,0,0,0,7,7,0,22,17,5,489,439,50,45,31,14
"44","06","001","404502",2262,133068,2339,2057,282,1749,1605,144,123,123,0,0,0,0,376,262,114,0,0,0,0,0,0,91,67,24,1640,1496,144,109,109,0
"45","06","001","404600",2750,163322,1761,1621,140,1416,1320,96,97,97,0,8,8,0,202,158,44,19,19,0,0,0,0,19,19,0,1363,1276,87,61,52,9
"46","06","001","404700",2409,159107,795,721,74,644,595,49,64,64,0,0,0,0,78,53,25,0,0,0,0,0,0,9,9,0,618,575,43,30,24,6
"47","06","001","404800",1105,61875,1243,600,643,652,437,215,241,39,202,14,3,11,207,97,110,17,17,0,7,7,0,105,0,105,622,430,192,42,10,32
"48","06","001","404900",1112,84375,1945,1196,749,1150,750,400,287,132,155,5,5,0,292,201,91,28,19,9,73,43,30,110,46,64,1094,733,361,194,91,103
"49","06","001","405000",1522,122237,1476,923,553,1021,681,340,183,111,72,4,0,4,202,83,119,0,0,0,24,24,0,42,24,18,978,658,320,106,47,59
"50","06","001","405100",1428,182153,1565,1415,150,1157,1016,141,222,222,0,0,0,0,127,118,9,0,0,0,20,20,0,39,39,0,1126,985,141,59,59,0
"51","06","001","405200",1368,75417,2391,624,1767,1099,268,831,468,33,435,45,11,34,533,255,278,8,0,8,95,0,95,143,57,86,944,236,708,320,41,279
"52","06","001","405301",1278,60928,1517,168,1349,830,66,764,387,6,381,5,0,5,185,63,122,7,7,0,22,0,22,81,26,55,769,66,703,98,0,98
"53","06","001","405302",950,35638,1488,62,1426,626,18,608,255,0,255,6,0,6,420,44,376,0,0,0,89,0,89,92,0,92,546,0,546,176,18,158
"54","06","001","405401",993,39712,1655,207,1448,414,34,380,403,8,395,7,0,7,513,146,367,0,0,0,221,0,221,97,19,78,316,16,300,305,18,287
"55","06","001","405402",1138,33555,1155,131,1024,237,24,213,400,27,373,22,0,22,384,77,307,45,0,45,44,3,41,23,0,23,178,24,154,135,3,132
"56","06","001","405500",1128,50225,1615,304,1311,471,86,385,377,85,292,10,0,10,577,107,470,0,0,0,69,14,55,111,12,99,393,86,307,200,14,186
"57","06","001","405600",1185,53063,1411,463,948,663,256,407,307,51,256,3,3,0,287,143,144,0,0,0,68,0,68,83,10,73,458,180,278,283,76,207
"58","06","001","405700",1044,48851,1372,330,1042,289,43,246,592,103,489,7,0,7,286,118,168,0,0,0,158,66,92,40,0,40,184,31,153,240,64,176
"59","06","001","405800",1179,44375,1320,477,843,239,106,133,411,134,277,13,0,13,511,183,328,12,0,12,80,8,72,54,46,8,138,75,63,229,71,158
"60","06","001","405901",928,31607,1057,342,715,185,54,131,225,105,120,55,24,31,403,133,270,0,0,0,189,26,163,0,0,0,42,0,42,362,99,263
"61","06","001","405902",968,32833,916,238,678,163,30,133,145,40,105,10,0,10,409,130,279,29,0,29,142,38,104,18,0,18,69,20,49,245,48,197
"62","06","001","406000",745,30909,1448,159,1289,428,41,387,235,26,209,5,0,5,657,92,565,0,0,0,99,0,99,24,0,24,409,41,368,118,0,118
"63","06","001","406100",1343,44485,1496,463,1033,634,153,481,186,25,161,33,0,33,276,134,142,9,9,0,319,130,189,39,12,27,395,79,316,617,204,413
"64","06","001","406201",997,37336,1352,261,1091,406,74,332,299,52,247,14,8,6,274,77,197,42,21,21,227,22,205,90,7,83,157,41,116,521,55,466
"65","06","001","406202",987,33583,1305,142,1163,629,113,516,146,0,146,70,0,70,129,18,111,0,0,0,235,11,224,96,0,96,119,68,51,841,56,785
"66","06","001","406300",1062,43307,1203,429,774,274,101,173,220,82,138,3,0,3,457,207,250,0,0,0,170,32,138,79,7,72,117,77,40,397,63,334
"67","06","001","406400",1370,59500,716,280,436,282,120,162,221,76,145,8,8,0,151,53,98,0,0,0,21,5,16,33,18,15,252,120,132,72,26,46
"68","06","001","406500",1152,41346,2018,588,1430,466,163,303,640,76,564,22,0,22,424,251,173,12,12,0,377,77,300,77,9,68,201,105,96,706,135,571
"69","06","001","406601",1361,48467,1679,794,885,428,301,127,625,118,507,3,3,0,347,272,75,5,0,5,137,38,99,134,62,72,291,240,51,293,118,175
"70","06","001","406602",1085,53162,959,297,662,271,104,167,291,40,251,24,0,24,279,129,150,7,0,7,69,12,57,18,12,6,181,98,83,196,24,172
"71","06","001","406700",1334,73167,2130,1301,829,1322,926,396,289,99,190,5,5,0,407,237,170,0,0,0,33,17,16,74,17,57,1204,869,335,168,91,77
"72","06","001","406800",1386,94167,1368,919,449,744,600,144,198,45,153,16,7,9,307,203,104,0,0,0,62,29,33,41,35,6,692,565,127,131,75,56
"73","06","001","406900",1410,65556,1528,771,757,813,532,281,346,36,310,0,0,0,204,175,29,21,0,21,48,17,31,96,11,85,699,479,220,151,59,92
"74","06","001","407000",1259,43125,1953,869,1084,634,289,345,390,100,290,22,15,7,495,321,174,0,0,0,309,110,199,103,34,69,443,254,189,500,145,355
"75","06","001","407101",1024,51691,1020,359,661,381,139,242,154,11,143,11,0,11,279,166,113,0,0,0,158,43,115,37,0,37,157,89,68,372,93,279
"76","06","001","407102",1130,47660,1288,611,677,423,210,213,361,97,264,7,7,0,269,184,85,28,8,20,142,72,70,58,33,25,146,100,46,435,189,246
"77","06","001","407200",1013,37319,1801,375,1426,752,118,634,252,15,237,38,21,17,264,113,151,19,19,0,437,78,359,39,11,28,208,25,183,1051,191,860
"78","06","001","407300",1503,53214,744,214,530,353,85,268,129,55,74,0,0,0,84,24,60,6,6,0,132,31,101,40,13,27,204,19,185,302,110,192
"79","06","001","407400",1064,47656,1147,321,826,258,52,206,285,59,226,0,0,0,154,106,48,0,0,0,404,87,317,46,17,29,76,8,68,634,140,494
"80","06","001","407500",949,24869,1279,355,924,226,72,154,656,192,464,9,0,9,48,27,21,0,0,0,305,64,241,35,0,35,60,30,30,471,106,365
"81","06","001","407600",952,53300,2186,1190,996,543,381,162,1026,425,601,0,0,0,209,121,88,25,25,0,213,157,56,170,81,89,387,294,93,427,302,125
"82","06","001","407700",2016,70938,1646,1141,505,649,533,116,806,439,367,0,0,0,73,73,0,0,0,0,62,40,22,56,56,0,572,456,116,149,114,35
"83","06","001","407800",1048,80368,759,506,253,268,211,57,344,212,132,0,0,0,77,52,25,0,0,0,28,12,16,42,19,23,242,189,53,66,34,32
"84","06","001","407900",1632,100927,1113,845,268,637,499,138,229,145,84,0,0,0,151,151,0,0,0,0,38,10,28,58,40,18,573,435,138,111,73,38
"85","06","001","408000",3159,158917,970,833,137,618,536,82,146,105,41,5,0,5,163,154,9,0,0,0,14,14,0,24,24,0,591,519,72,44,34,10
"86","06","001","408100",1806,103670,2662,2172,490,1224,1112,112,693,420,273,34,34,0,467,449,18,0,0,0,70,38,32,174,119,55,1125,1031,94,231,137,94
"87","06","001","408200",1199,51135,1703,698,1005,492,308,184,940,231,709,33,17,16,74,49,25,17,17,0,78,30,48,69,46,23,396,243,153,214,103,111
"88","06","001","408300",1079,81695,1762,1102,660,574,466,108,843,433,410,0,0,0,103,56,47,8,8,0,155,70,85,79,69,10,558,455,103,157,67,90
"89","06","001","408400",1222,30213,1086,420,666,309,182,127,557,183,374,16,0,16,0,0,0,6,0,6,170,55,115,28,0,28,172,106,66,312,131,181
"90","06","001","408500",1291,47841,1617,519,1098,150,42,108,803,286,517,17,0,17,24,16,8,21,0,21,571,151,420,31,24,7,28,28,0,710,185,525
"91","06","001","408600",1142,30696,1811,691,1120,427,169,258,834,291,543,37,12,25,42,39,3,0,0,0,403,150,253,68,30,38,142,73,69,720,258,462
"92","06","001","408700",1272,43649,2325,782,1543,496,234,262,1285,374,911,0,0,0,63,44,19,0,0,0,322,66,256,159,64,95,131,98,33,813,258,555
"93","06","001","408800",769,23598,1950,343,1607,267,74,193,879,147,732,15,0,15,152,16,136,57,0,57,481,106,375,99,0,99,50,0,50,731,180,551
"94","06","001","408900",1095,26379,944,280,664,233,66,167,409,111,298,3,3,0,37,27,10,0,0,0,247,67,180,15,6,9,29,11,18,466,128,338
"95","06","001","409000",1442,44125,1038,505,533,210,94,116,463,276,187,29,29,0,42,42,0,5,0,5,250,49,201,39,15,24,37,26,11,460,146,314
"96","06","001","409100",1550,40000,634,394,240,81,57,24,371,198,173,0,0,0,26,23,3,17,17,0,108,95,13,31,4,27,7,7,0,211,150,61
"97","06","001","409200",1301,46250,923,460,463,144,42,102,429,255,174,34,18,16,38,12,26,0,0,0,237,101,136,41,32,9,56,16,40,352,149,203
"98","06","001","409300",1201,34830,1553,677,876,381,182,199,586,278,308,7,0,7,27,27,0,0,0,0,475,179,296,77,11,66,122,38,84,776,331,445
"99","06","001","409400",1301,39189,1230,458,772,300,124,176,399,152,247,0,0,0,112,51,61,0,0,0,399,111,288,20,20,0,103,41,62,610,208,402
"100","06","001","409500",1134,31682,1117,309,808,231,84,147,513,171,342,7,0,7,12,0,12,0,0,0,324,54,270,30,0,30,58,19,39,530,127,403
"101","06","001","409600",1138,37349,1382,491,891,243,83,160,618,268,350,0,0,0,51,33,18,0,0,0,447,97,350,23,10,13,27,0,27,657,180,477
"102","06","001","409700",1290,38357,1524,552,972,316,152,164,791,265,526,4,0,4,72,36,36,15,0,15,296,99,197,30,0,30,52,13,39,580,238,342
"103","06","001","409800",986,63598,1255,651,604,185,93,92,805,458,347,0,0,0,85,55,30,0,0,0,93,25,68,87,20,67,176,93,83,77,35,42
"104","06","001","409900",1446,97689,1383,1201,182,464,402,62,689,598,91,0,0,0,102,90,12,0,0,0,49,32,17,79,79,0,408,352,56,105,82,23
"105","06","001","410000",1674,107083,1197,1128,69,540,527,13,498,465,33,0,0,0,64,54,10,0,0,0,2,2,0,93,80,13,505,492,13,37,37,0
"106","06","001","410100",1019,59239,992,565,427,218,151,67,650,332,318,0,0,0,34,23,11,0,0,0,20,20,0,70,39,31,129,85,44,138,99,39
"107","06","001","410200",1062,49200,1146,491,655,269,88,181,615,203,412,0,0,0,46,46,0,12,12,0,186,124,62,18,18,0,152,58,94,313,164,149
"108","06","001","410300",1216,39524,946,324,622,169,64,105,395,181,214,14,7,7,15,15,0,22,9,13,288,48,240,43,0,43,17,9,8,460,103,357
"109","06","001","410400",1414,66555,1397,881,516,347,221,126,717,432,285,0,0,0,140,107,33,0,0,0,160,88,72,33,33,0,110,76,34,401,237,164
"110","06","001","410500",599,22596,961,86,875,81,20,61,686,38,648,0,0,0,127,14,113,15,0,15,35,7,28,17,7,10,70,20,50,53,0,53
"111","06","001","420100",2065,120208,870,564,306,629,404,225,19,6,13,0,0,0,157,124,33,0,0,0,35,12,23,30,18,12,614,404,210,39,0,39
"112","06","001","420200",1561,89194,1240,519,721,775,331,444,87,56,31,5,0,5,302,123,179,11,0,11,40,9,31,20,0,20,768,331,437,47,9,38
"113","06","001","420300",1542,86417,1955,961,994,1030,539,491,98,63,35,0,0,0,645,319,326,75,0,75,84,17,67,23,23,0,1015,524,491,99,32,67
"114","06","001","420400",1700,42054,1177,0,1177,521,0,521,45,0,45,42,0,42,417,0,417,19,0,19,80,0,80,53,0,53,384,0,384,280,0,280
"115","06","001","420500",1640,89333,934,454,480,581,281,300,36,13,23,5,5,0,203,111,92,0,0,0,44,0,44,65,44,21,546,263,283,61,22,39
"116","06","001","420600",1491,116172,1219,936,283,932,744,188,29,29,0,8,0,8,162,132,30,0,0,0,53,31,22,35,0,35,901,728,173,123,57,66
"117","06","001","421100",2816,162308,860,793,67,745,692,53,0,0,0,0,0,0,99,91,8,0,0,0,11,5,6,5,5,0,730,677,53,15,15,0
"118","06","001","421200",1500,144115,1521,1309,212,1296,1143,153,7,7,0,10,10,0,144,106,38,0,0,0,9,9,0,55,34,21,1242,1115,127,63,37,26
"119","06","001","421300",1628,138971,1638,1240,398,1392,1082,310,30,30,0,0,0,0,162,92,70,0,0,0,9,9,0,45,27,18,1376,1066,310,25,16,9
"120","06","001","421400",1808,141375,650,547,103,549,456,93,25,25,0,3,3,0,57,47,10,0,0,0,6,6,0,10,10,0,528,440,88,27,22,5
"121","06","001","421500",2503,160265,1579,1309,270,1442,1185,257,19,19,0,0,0,0,85,85,0,0,0,0,6,6,0,27,14,13,1412,1166,246,50,26,24
"122","06","001","421600",1764,118750,1583,1203,380,1253,970,283,40,30,10,0,0,0,238,170,68,9,0,9,10,0,10,33,33,0,1213,950,263,69,29,40
"123","06","001","421700",1521,69986,1605,608,997,1214,497,717,0,0,0,6,0,6,237,81,156,0,0,0,54,0,54,94,30,64,1160,479,681,117,18,99
"124","06","001","421800",1691,110000,938,638,300,770,541,229,11,11,0,4,4,0,142,82,60,0,0,0,0,0,0,11,0,11,743,519,224,27,22,5
"125","06","001","421900",1586,100372,1711,1130,581,1220,808,412,97,88,9,19,19,0,226,128,98,12,12,0,53,20,33,84,55,29,1188,785,403,84,42,42
"126","06","001","422000",1637,60500,884,182,702,593,128,465,190,9,181,0,0,0,56,41,15,0,0,0,19,0,19,26,4,22,566,123,443,63,5,58
"127","06","001","422100",1372,72500,1142,619,523,731,381,350,194,137,57,10,0,10,108,57,51,0,0,0,46,20,26,53,24,29,672,346,326,115,55,60
"128","06","001","422200",1408,66769,1613,656,957,1075,465,610,163,82,81,0,0,0,227,89,138,20,20,0,78,0,78,50,0,50,963,416,547,165,49,116
"129","06","001","422300",1531,58606,1753,538,1215,1345,474,871,91,11,80,0,0,0,235,35,200,0,0,0,23,0,23,59,18,41,1248,434,814,130,40,90
"130","06","001","422400",1499,57083,2123,257,1866,1357,229,1128,56,0,56,0,0,0,565,14,551,0,0,0,40,0,40,105,14,91,1255,229,1026,142,0,142
"131","06","001","422500",1523,54375,1454,283,1171,948,247,701,7,7,0,3,0,3,411,21,390,0,0,0,26,0,26,59,8,51,881,214,667,100,33,67
"132","06","001","422600",-666666666,250001,21,21,0,21,21,0,0,0,0,0,0,0,0,0,0,0,0,0,0,0,0,0,0,0,21,21,0,0,0,0
"133","06","001","422700",1416,31050,1019,141,878,641,141,500,0,0,0,0,0,0,285,0,285,0,0,0,36,0,36,57,0,57,613,141,472,89,0,89
"134","06","001","422800",1284,13188,1389,33,1356,650,33,617,41,0,41,27,0,27,603,0,603,0,0,0,19,0,19,49,0,49,597,33,564,72,0,72
"135","06","001","422900",1389,24056,1958,45,1913,830,26,804,279,19,260,0,0,0,734,0,734,0,0,0,15,0,15,100,0,100,817,26,791,44,0,44
"136","06","001","423000",1693,67304,1953,849,1104,1374,588,786,67,21,46,31,10,21,366,194,172,0,0,0,50,0,50,65,36,29,1272,566,706,182,22,160
"137","06","001","423100",1296,60037,2011,694,1317,1118,463,655,348,85,263,5,0,5,333,75,258,0,0,0,61,8,53,146,63,83,1071,452,619,146,57,89
"138","06","001","423200",1375,49375,1130,360,770,553,256,297,283,37,246,13,5,8,63,54,9,51,0,51,71,0,71,96,8,88,489,256,233,167,0,167
"139","06","001","423300",1295,77039,1665,867,798,854,472,382,603,278,325,9,0,9,157,99,58,0,0,0,26,10,16,16,8,8,760,402,358,167,80,87
"140","06","001","423400",1365,76458,2084,992,1092,1061,549,512,405,199,206,0,0,0,242,111,131,0,0,0,111,72,39,265,61,204,934,492,442,303,129,174
"141","06","001","423500",1124,39780,1473,413,1060,926,289,637,151,49,102,27,0,27,235,45,190,0,0,0,23,8,15,111,22,89,838,264,574,157,33,124
"142","06","001","423601",1573,83824,1170,520,650,927,420,507,19,9,10,0,0,0,122,30,92,0,0,0,46,41,5,56,20,36,891,384,507,82,64,18
"143","06","001","423602",1384,27890,2262,299,1963,1314,211,1103,57,0,57,33,0,33,683,73,610,36,0,36,24,0,24,115,15,100,1175,211,964,151,0,151
"144","06","001","423700",1272,83347,1359,584,775,1034,523,511,39,0,39,16,0,16,210,61,149,0,0,0,28,0,28,32,0,32,1009,505,504,41,18,23
"145","06","001","423800",2093,137171,1289,1008,281,1163,892,271,0,0,0,0,0,0,122,112,10,0,0,0,4,4,0,0,0,0,1077,864,213,90,32,58
"146","06","001","423901",1185,70417,859,328,531,565,218,347,153,69,84,0,0,0,54,25,29,0,0,0,48,7,41,39,9,30,518,213,305,106,12,94
"147","06","001","423902",1697,82000,726,231,495,612,201,411,5,5,0,6,6,0,66,5,61,0,0,0,22,0,22,15,14,1,565,196,369,62,15,47
"148","06","001","424001",1380,58411,1543,431,1112,701,242,459,563,113,450,0,0,0,84,15,69,0,0,0,133,23,110,62,38,24,661,226,435,180,39,141
"149","06","001","424002",1211,58643,958,428,530,422,188,234,355,152,203,7,0,7,70,31,39,0,0,0,56,47,9,48,10,38,369,169,200,126,76,50
"150","06","001","425101",1530,64019,1161,564,597,677,407,270,103,41,62,6,0,6,293,98,195,8,8,0,0,0,0,74,10,64,659,407,252,28,0,28
"151","06","001","425102",2151,92296,1798,577,1221,802,212,590,147,9,138,4,4,0,682,279,403,17,0,17,17,8,9,129,65,64,766,182,584,127,74,53
"152","06","001","425103",2056,90556,1380,529,851,715,301,414,119,8,111,27,27,0,387,160,227,0,0,0,39,28,11,93,5,88,664,293,371,124,63,61
"153","06","001","425104",1328,56750,1924,620,1304,823,322,501,518,98,420,30,9,21,297,158,139,0,0,0,61,0,61,195,33,162,714,277,437,289,94,195
"154","06","001","426100",2824,212386,2216,2034,182,1816,1661,155,18,18,0,0,0,0,349,335,14,0,0,0,13,0,13,20,20,0,1796,1641,155,33,20,13
"155","06","001","426200",2208,168713,1709,1443,266,1370,1143,227,0,0,0,0,0,0,293,283,10,0,0,0,11,0,11,35,17,18,1296,1090,206,91,53,38
"156","06","001","427100",1677,116581,1401,1039,362,1215,904,311,22,0,22,0,0,0,153,135,18,2,0,2,9,0,9,0,0,0,1160,872,288,64,32,32
"157","06","001","427200",1337,67404,1663,670,993,971,520,451,129,4,125,35,35,0,244,70,174,24,17,7,153,24,129,107,0,107,834,485,349,353,87,266
"158","06","001","427300",1265,78654,1936,962,974,991,547,444,131,43,88,14,4,10,648,319,329,10,10,0,66,0,66,76,39,37,868,493,375,209,64,145
"159","06","001","427600",1575,50099,1838,295,1543,599,143,456,439,14,425,0,0,0,618,125,493,33,13,20,24,0,24,125,0,125,511,143,368,138,0,138
"160","06","001","427700",1528,80000,2284,810,1474,1537,573,964,135,11,124,0,0,0,351,179,172,13,0,13,157,47,110,91,0,91,1495,573,922,199,47,152
"161","06","001","427800",1416,98348,2009,819,1190,1383,684,699,58,0,58,18,0,18,323,74,249,9,0,9,75,32,43,143,29,114,1216,582,634,280,134,146
"162","06","001","427900",1473,81117,2211,687,1524,1264,546,718,335,0,335,9,9,0,338,85,253,0,0,0,108,0,108,157,47,110,1104,527,577,350,35,315
"163","06","001","428000",1319,68356,1390,217,1173,759,175,584,127,0,127,0,0,0,412,42,370,0,0,0,47,0,47,45,0,45,599,164,435,231,11,220
"164","06","001","428100",1298,84725,1943,1029,914,1451,797,654,37,9,28,5,5,0,293,134,159,19,19,0,78,48,30,60,17,43,1366,746,620,164,83,81
"165","06","001","428200",1555,84205,2708,1540,1168,1808,1199,609,259,15,244,0,0,0,505,298,207,0,0,0,93,28,65,43,0,43,1661,1101,560,258,126,132
"166","06","001","428301",2025,111205,2509,1943,566,1044,798,246,63,38,25,11,11,0,1257,1013,244,0,0,0,49,49,0,85,34,51,984,763,221,92,67,25
"167","06","001","428302",1935,130059,2662,2078,584,1512,1123,389,76,58,18,0,0,0,954,777,177,10,10,0,17,17,0,93,93,0,1431,1072,359,98,68,30
"168","06","001","428400",1406,73125,1852,492,1360,1235,378,857,70,0,70,22,0,22,430,86,344,19,19,0,37,4,33,39,5,34,1068,338,730,222,40,182
"169","06","001","428500",1604,67045,1428,504,924,789,332,457,46,0,46,0,0,0,426,172,254,0,0,0,73,0,73,94,0,94,760,332,428,111,0,111
"170","06","001","428600",2039,79892,1551,816,735,854,444,410,169,34,135,7,0,7,473,334,139,0,0,0,9,0,9,39,4,35,835,436,399,35,15,20
"171","06","001","428700",1085,52688,1293,444,849,473,170,303,286,8,278,14,0,14,429,254,175,19,5,14,40,7,33,32,0,32,428,133,295,99,44,55
"172","06","001","430101",2949,124014,2248,1960,288,996,814,182,64,64,0,9,9,0,1020,949,71,33,33,0,56,56,0,70,35,35,907,745,162,159,139,20
"173","06","001","430102",1957,117583,867,724,143,629,538,91,24,24,0,0,0,0,173,139,34,0,0,0,5,0,5,36,23,13,570,483,87,64,55,9
"174","06","001","430200",2244,114737,2506,2371,135,1923,1798,125,30,30,0,14,14,0,414,414,0,0,0,0,66,66,0,59,49,10,1808,1704,104,191,170,21
"175","06","001","430300",1946,110465,1292,1051,241,958,836,122,95,20,75,6,0,6,160,139,21,0,0,0,56,47,9,17,9,8,899,799,100,115,84,31
"176","06","001","430400",2205,118250,729,656,73,564,525,39,6,6,0,0,0,0,111,88,23,0,0,0,7,7,0,41,30,11,510,471,39,78,73,5
"177","06","001","430500",1247,58618,2031,1264,767,1109,827,282,353,89,264,19,19,0,385,287,98,31,0,31,84,36,48,50,6,44,786,655,131,421,222,199
"178","06","001","430600",1783,95976,2188,1751,437,1459,1164,295,118,59,59,9,0,9,509,467,42,0,0,0,0,0,0,93,61,32,1261,1061,200,217,122,95
"179","06","001","430700",1843,98373,1329,1016,313,997,754,243,20,20,0,0,0,0,218,208,10,0,0,0,21,21,0,73,13,60,856,690,166,199,85,114
"180","06","001","430800",1376,68190,2204,1233,971,1530,932,598,59,29,30,13,0,13,446,208,238,64,9,55,49,12,37,43,43,0,1155,756,399,437,188,249
"181","06","001","430900",1418,57676,1801,383,1418,1138,310,828,242,22,220,18,14,4,217,37,180,17,0,17,94,0,94,75,0,75,936,285,651,300,52,248
"182","06","001","431000",1485,63720,1102,404,698,752,309,443,35,0,35,0,0,0,214,95,119,34,0,34,31,0,31,36,0,36,487,263,224,321,46,275
"183","06","001","431100",1286,56250,1374,305,1069,999,264,735,143,0,143,0,0,0,112,32,80,4,0,4,70,9,61,46,0,46,745,222,523,324,51,273
"184","06","001","431200",1504,64075,2489,1324,1165,1574,894,680,441,111,330,14,14,0,371,254,117,15,15,0,38,18,20,36,18,18,1373,812,561,239,100,139
"185","06","001","432100",1425,95676,1484,1072,412,835,722,113,203,69,134,9,9,0,251,140,111,0,0,0,116,88,28,70,44,26,732,649,83,244,180,64
"186","06","001","432200",1404,62307,1707,742,965,951,492,459,276,59,217,23,13,10,267,125,142,38,0,38,97,23,74,55,30,25,752,449,303,380,85,295
"187","06","001","432300",1176,75907,1709,1063,646,722,492,230,197,87,110,26,23,3,409,380,29,0,0,0,232,52,180,123,29,94,475,381,94,557,221,336
"188","06","001","432400",1399,59934,1852,752,1100,919,408,511,205,15,190,8,0,8,491,252,239,50,0,50,134,77,57,45,0,45,590,298,292,493,187,306
"189","06","001","432501",1364,61339,1469,753,716,663,340,323,80,9,71,25,0,25,527,324,203,14,14,0,123,53,70,37,13,24,446,211,235,362,202,160
"190","06","001","432502",1402,61743,1522,803,719,569,297,272,290,34,256,0,0,0,530,429,101,26,0,26,52,26,26,55,17,38,281,215,66,366,114,252
"191","06","001","432600",1265,56700,3036,895,2141,1152,532,620,760,93,667,42,16,26,543,140,403,128,0,128,209,30,179,202,84,118,838,478,360,713,153,560
"192","06","001","432700",1536,97750,1064,729,335,712,520,192,76,23,53,0,0,0,161,145,16,11,11,0,50,7,43,54,23,31,606,476,130,162,51,111
"193","06","001","432800",1230,92917,1352,1130,222,767,653,114,189,174,15,10,10,0,252,213,39,0,0,0,89,35,54,45,45,0,674,580,94,262,188,74
"194","06","001","433000",1654,66280,1342,902,440,843,608,235,85,20,65,10,7,3,339,246,93,6,6,0,20,0,20,39,15,24,652,511,141,218,104,114
"195","06","001","433102",1389,71535,1329,928,401,539,323,216,38,10,28,33,33,0,559,471,88,11,6,5,94,67,27,55,18,37,318,245,73,350,145,205
"196","06","001","433103",1158,46429,1590,341,1249,570,121,449,566,31,535,0,0,0,250,166,84,31,9,22,58,5,53,115,9,106,289,64,225,378,62,316
"197","06","001","433104",1321,44913,1858,564,1294,1014,365,649,389,52,337,10,7,3,264,102,162,19,19,0,119,0,119,43,19,24,754,323,431,420,61,359
"198","06","001","433200",1194,51058,2774,1025,1749,908,432,476,757,105,652,16,0,16,856,467,389,11,11,0,72,0,72,154,10,144,620,348,272,403,94,309
"199","06","001","433300",1734,67034,2271,1758,513,1051,729,322,104,24,80,26,26,0,878,783,95,10,10,0,165,165,0,37,21,16,804,589,215,461,336,125
"200","06","001","433400",1720,78710,2292,1772,520,767,603,164,152,152,0,19,19,0,1154,901,253,0,0,0,78,26,52,122,71,51,612,448,164,286,207,79
"201","06","001","433500",1663,79327,1405,1178,227,752,638,114,46,11,35,13,13,0,444,404,40,10,10,0,68,30,38,72,72,0,555,493,62,342,252,90
"202","06","001","433600",1216,60813,2158,1066,1092,791,427,364,350,60,290,33,33,0,791,492,299,0,0,0,133,34,99,60,20,40,629,367,262,295,94,201
"203","06","001","433700",1231,68571,1040,379,661,668,188,480,130,48,82,5,0,5,116,59,57,0,0,0,78,47,31,43,37,6,323,104,219,429,131,298
"204","06","001","433800",1363,51867,2571,1050,1521,1150,502,648,539,42,497,0,0,0,663,448,215,10,10,0,200,39,161,9,9,0,593,257,336,766,293,473
"205","06","001","433900",1220,41022,2398,366,2032,930,132,798,930,57,873,67,12,55,255,138,117,10,0,10,128,27,101,78,0,78,213,68,145,916,89,827
"206","06","001","434000",1119,41458,1821,595,1226,946,339,607,416,29,387,11,0,11,190,165,25,7,0,7,198,43,155,53,19,34,405,200,205,787,190,597
"207","06","001","435102",1842,116319,1571,1154,417,849,624,225,238,177,61,3,3,0,329,251,78,5,5,0,83,34,49,64,60,4,696,534,162,227,115,112
"208","06","001","435103",2943,156875,2206,2056,150,1031,951,80,238,202,36,0,0,0,803,789,14,0,0,0,30,22,8,104,92,12,917,839,78,168,146,22
"209","06","001","435104",1561,52817,2038,413,1625,665,190,475,330,22,308,36,10,26,573,134,439,83,13,70,183,8,175,168,36,132,362,145,217,583,73,510
"210","06","001","435200",1338,97957,1443,1168,275,641,455,186,405,328,77,0,0,0,240,228,12,0,0,0,76,76,0,81,81,0,465,369,96,273,171,102
"211","06","001","435300",1349,68365,1563,654,909,842,411,431,400,160,240,0,0,0,180,70,110,31,0,31,105,8,97,5,5,0,562,345,217,358,66,292
"212","06","001","435400",1301,51597,1761,440,1321,922,224,698,422,46,376,9,0,9,269,161,108,19,9,10,25,0,25,95,0,95,539,180,359,473,44,429
"213","06","001","435500",1231,51026,1412,431,981,822,214,608,232,27,205,14,8,6,143,87,56,20,20,0,125,62,63,56,13,43,473,160,313,495,137,358
"214","06","001","435601",1308,53608,1627,403,1224,967,243,724,119,7,112,6,0,6,85,16,69,40,0,40,288,117,171,122,20,102,320,100,220,988,267,721
"215","06","001","435602",1354,56928,1636,609,1027,1042,451,591,128,28,100,0,0,0,256,60,196,31,8,23,123,28,95,56,34,22,521,309,212,703,204,499
"216","06","001","435700",1465,77762,1385,959,426,891,654,237,115,40,75,0,0,0,165,136,29,0,0,0,147,113,34,67,16,51,523,385,138,509,376,133
"217","06","001","435800",1740,76635,1645,1271,374,952,744,208,67,15,52,0,0,0,429,364,65,13,13,0,151,110,41,33,25,8,622,520,102,509,334,175
"218","06","001","435900",1774,91578,1611,1232,379,944,743,201,90,59,31,21,21,0,380,272,108,13,7,6,116,100,16,47,30,17,739,596,143,342,268,74
"219","06","001","436000",1796,84861,1407,1119,288,908,788,120,55,6,49,15,15,0,205,176,29,18,10,8,153,97,56,53,27,26,691,593,98,422,320,102
"220","06","001","436100",1142,77117,1819,1041,778,962,579,383,126,23,103,41,41,0,478,289,189,0,0,0,139,80,59,73,29,44,622,473,149,507,232,275
"221","06","001","436200",1194,45987,1275,202,1073,666,93,573,266,20,246,10,0,10,133,74,59,39,0,39,139,6,133,22,9,13,248,47,201,584,61,523
"222","06","001","436300",1426,58564,2604,1080,1524,1119,354,765,515,167,348,25,9,16,602,489,113,0,0,0,284,61,223,59,0,59,452,194,258,1103,257,846
"223","06","001","436401",1439,71844,3013,1377,1636,1600,1003,597,530,52,478,12,0,12,376,216,160,17,17,0,112,0,112,366,89,277,1077,690,387,692,313,379
"224","06","001","436402",2439,122127,1021,909,112,730,677,53,184,151,33,0,0,0,32,32,0,0,0,0,49,49,0,26,0,26,650,597,53,155,129,26
"225","06","001","436500",1400,54315,1715,422,1293,772,212,560,311,12,299,35,0,35,302,141,161,60,3,57,167,51,116,68,3,65,417,125,292,557,138,419
"226","06","001","436601",1332,63991,1854,659,1195,888,324,564,329,30,299,18,8,10,306,170,136,36,0,36,176,84,92,101,43,58,367,156,211,763,298,465
"227","06","001","436602",1228,41099,1667,328,1339,609,144,465,402,9,393,7,7,0,327,105,222,24,15,9,149,25,124,149,23,126,214,95,119,596,74,522
"228","06","001","436700",1787,79152,1021,554,467,527,260,267,99,50,49,0,0,0,244,158,86,27,0,27,97,59,38,27,27,0,181,108,73,472,230,242
"229","06","001","436800",1467,63305,1338,615,723,609,261,348,144,85,59,8,8,0,261,124,137,8,8,0,216,81,135,92,48,44,311,209,102,541,160,381
"230","06","001","436900",1334,58567,1784,761,1023,994,387,607,122,28,94,26,26,0,271,176,95,39,9,30,244,99,145,88,36,52,342,182,160,1000,366,634
"231","06","001","437000",1551,70988,1242,983,259,636,512,124,146,89,57,23,11,12,258,236,22,37,37,0,63,51,12,79,47,32,373,271,102,350,308,42
"232","06","001","437101",2175,105723,1907,1649,258,543,433,110,98,80,18,8,8,0,1004,931,73,28,23,5,113,79,34,113,95,18,354,318,36,339,231,108
"233","06","001","437102",1299,68542,1391,726,665,462,315,147,172,35,137,0,0,0,472,272,200,0,0,0,201,72,129,84,32,52,283,218,65,391,180,211
"234","06","001","437200",1733,83799,2301,1401,900,933,574,359,296,38,258,30,15,15,805,622,183,28,28,0,60,60,0,149,64,85,526,341,185,527,313,214
"235","06","001","437300",1389,70903,915,511,404,299,214,85,174,52,122,26,17,9,219,110,109,30,30,0,131,66,65,36,22,14,178,131,47,265,155,110
"236","06","001","437400",1944,75521,907,696,211,506,407,99,34,30,4,19,5,14,168,131,37,20,4,16,135,109,26,25,10,15,209,148,61,468,375,93
"237","06","001","437500",1375,54943,1177,229,948,566,108,458,89,5,84,0,0,0,212,56,156,7,0,7,271,46,225,32,14,18,186,84,102,682,78,604
"238","06","001","437600",1354,67308,890,473,417,369,198,171,84,32,52,0,0,0,237,154,83,45,26,19,134,54,80,21,9,12,200,107,93,328,165,163
"239","06","001","437701",1252,50688,1059,251,808,471,128,343,120,20,100,8,0,8,165,58,107,58,9,49,190,24,166,47,12,35,163,54,109,515,105,410
"240","06","001","437702",1281,50759,1094,84,1010,458,15,443,85,8,77,18,0,18,133,47,86,0,0,0,367,14,353,33,0,33,41,5,36,790,24,766
"241","06","001","437800",1703,77276,1373,982,391,481,374,107,185,75,110,0,0,0,403,332,71,60,60,0,200,105,95,44,36,8,303,245,58,406,262,144
"242","06","001","437900",1402,69524,660,295,365,259,155,104,89,12,77,30,0,30,125,72,53,0,0,0,119,45,74,38,11,27,105,40,65,330,174,156
"243","06","001","438000",1844,80931,1097,724,373,591,439,152,13,13,0,12,0,12,326,199,127,0,0,0,135,62,73,20,11,9,423,331,92,323,170,153
"244","06","001","438100",2125,98086,2057,1520,537,949,796,153,239,82,157,4,4,0,578,495,83,0,0,0,253,109,144,34,34,0,644,570,74,558,335,223
"245","06","001","438201",1514,69464,1187,898,289,456,383,73,121,43,78,0,0,0,315,256,59,14,9,5,238,171,67,43,36,7,234,202,32,506,391,115
"246","06","001","438203",1304,63966,1212,864,348,489,382,107,105,17,88,5,0,5,462,366,96,22,22,0,99,62,37,30,15,15,366,296,70,248,159,89
"247","06","001","438204",1757,60679,1809,1445,364,828,700,128,178,81,97,14,14,0,500,429,71,55,55,0,124,66,58,110,100,10,522,477,45,461,310,151
"248","06","001","438300",1949,68796,890,597,293,320,182,138,84,50,34,0,0,0,285,234,51,47,16,31,85,57,28,69,58,11,98,77,21,336,180,156
"249","06","001","438400",1232,77734,693,579,114,310,259,51,64,41,23,3,3,0,237,201,36,12,12,0,63,63,0,4,0,4,199,159,40,179,168,11
"250","06","001","440100",2023,67500,1002,484,518,524,217,307,18,5,13,0,0,0,335,194,141,6,6,0,81,37,44,38,25,13,464,198,266,150,56,94
"251","06","001","440200",1470,61606,1503,689,814,369,240,129,75,0,75,0,0,0,246,124,122,0,0,0,719,284,435,94,41,53,133,77,56,995,469,526
"252","06","001","440301",1449,86354,2081,1553,528,690,548,142,135,92,43,26,11,15,772,586,186,24,0,24,346,241,105,88,75,13,553,411,142,559,439,120
"253","06","001","440304",1646,84032,1268,856,412,191,168,23,79,25,54,20,14,6,809,537,272,36,13,23,70,50,20,63,49,14,130,116,14,170,141,29
"254","06","001","440305",2347,111528,971,793,178,291,254,37,82,49,33,13,13,0,497,425,72,24,16,8,46,21,25,18,15,3,228,191,37,125,97,28
"255","06","001","440306",1906,78667,1032,599,433,221,149,72,84,38,46,3,0,3,629,376,253,20,15,5,38,6,32,37,15,22,163,105,58,99,44,55
"256","06","001","440307",1607,53417,1492,1117,375,629,534,95,86,55,31,13,4,9,604,437,167,22,22,0,104,57,47,34,8,26,489,421,68,253,170,83
"257","06","001","440308",1693,79191,1917,1015,902,560,320,240,126,48,78,0,0,0,824,406,418,6,6,0,304,166,138,97,69,28,422,202,220,479,330,149
"258","06","001","440331",1629,72730,919,443,476,223,104,119,71,31,40,9,4,5,432,234,198,49,10,39,89,39,50,46,21,25,170,74,96,164,77,87
"259","06","001","440332",3235,161146,879,771,108,139,111,28,21,14,7,6,6,0,645,595,50,13,13,0,17,9,8,38,23,15,128,100,28,24,16,8
"260","06","001","440333",2288,122813,812,681,131,185,165,20,75,38,37,9,7,2,521,454,67,0,0,0,8,8,0,14,9,5,154,144,10,39,29,10
"261","06","001","440334",2033,113196,1051,859,192,251,246,5,67,53,14,0,0,0,553,431,122,30,10,20,57,57,0,93,62,31,203,198,5,115,115,0
"262","06","001","440335",1789,119856,2196,1233,963,466,165,301,82,43,39,23,6,17,1282,961,321,29,18,11,209,0,209,105,40,65,442,165,277,220,0,220
"263","06","001","440336",1872,78205,1442,783,659,422,290,132,97,71,26,0,0,0,716,371,345,22,6,16,77,14,63,108,31,77,304,195,109,222,127,95
"264","06","001","441100",1601,86235,1584,1207,377,935,706,229,16,16,0,39,13,26,422,338,84,0,0,0,136,98,38,36,36,0,867,655,212,230,175,55
"265","06","001","441200",1723,108393,2542,1570,972,1273,791,482,40,40,0,15,0,15,891,626,265,0,0,0,223,45,178,100,68,32,1114,689,425,380,145,235
"266","06","001","441301",2124,121000,1168,533,635,468,179,289,31,14,17,6,6,0,635,323,312,0,0,0,9,0,9,19,11,8,428,179,249,48,0,48
"267","06","001","441302",1829,108700,1822,1285,537,721,594,127,86,19,67,25,11,14,861,596,265,5,5,0,70,29,41,54,31,23,645,543,102,182,111,71
"268","06","001","441401",1975,110662,2325,1563,762,837,634,203,135,18,117,8,8,0,1124,794,330,86,41,45,56,31,25,79,37,42,672,499,173,243,166,77
"269","06","001","441402",2317,128750,1644,1248,396,501,422,79,32,32,0,15,0,15,1005,785,220,0,0,0,48,0,48,43,9,34,449,370,79,100,52,48
"270","06","001","441501",1971,135139,1781,1526,255,334,303,31,41,31,10,20,10,10,1273,1099,174,15,9,6,20,20,0,78,54,24,296,275,21,68,48,20
"271","06","001","441503",2377,151970,2020,1515,505,165,136,29,36,15,21,17,8,9,1731,1311,420,9,0,9,17,0,17,45,45,0,165,136,29,31,0,31
"272","06","001","441521",2322,123040,1799,1387,412,440,331,109,53,25,28,15,0,15,1203,951,252,14,14,0,44,44,0,30,22,8,368,276,92,125,99,26
"273","06","001","441522",2094,93750,1481,1160,321,351,250,101,58,0,58,12,12,0,927,842,85,5,5,0,62,51,11,66,0,66,307,206,101,172,124,48
"274","06","001","441523",2002,125110,1419,671,748,206,86,120,78,10,68,20,5,15,1019,549,470,34,0,34,44,21,23,18,0,18,178,86,92,73,21,52
"275","06","001","441524",2034,153017,1302,807,495,166,91,75,30,11,19,0,0,0,1071,702,369,3,3,0,0,0,0,32,0,32,143,68,75,23,23,0
"276","06","001","441601",2135,110156,1455,1254,201,768,672,96,68,61,7,0,0,0,476,432,44,29,0,29,86,68,18,28,21,7,646,557,89,219,194,25
"277","06","001","441602",1786,90433,2263,1164,1099,853,584,269,129,36,93,0,0,0,982,437,545,55,21,34,213,81,132,31,5,26,747,540,207,319,125,194
"278","06","001","441700",1462,95776,2621,1434,1187,857,405,452,112,36,76,32,18,14,1272,840,432,0,0,0,213,103,110,135,32,103,722,337,385,433,171,262
"279","06","001","441800",1754,105106,2314,1341,973,1044,610,434,51,0,51,24,11,13,993,674,319,0,0,0,150,9,141,52,37,15,1002,605,397,191,14,177
"280","06","001","441921",2198,120393,1229,416,813,368,167,201,125,18,107,27,4,23,490,123,367,0,0,0,161,86,75,58,18,40,252,110,142,282,143,139
"281","06","001","441923",1750,84145,2360,125,2235,669,28,641,26,0,26,0,0,0,1407,68,1339,0,0,0,115,0,115,143,29,114,646,15,631,154,13,141
"282","06","001","441924",2019,120781,2651,1610,1041,954,543,411,20,13,7,24,15,9,1456,928,528,0,0,0,61,25,36,136,86,50,756,507,249,248,61,187
"283","06","001","441925",2051,112917,2837,517,2320,761,195,566,47,0,47,35,0,35,1755,272,1483,0,0,0,103,0,103,136,50,86,752,195,557,162,50,112
"284","06","001","441926",1618,81250,1448,264,1184,262,89,173,68,0,68,3,0,3,712,113,599,18,0,18,307,48,259,78,14,64,210,68,142,377,69,308
"285","06","001","441927",2064,94056,1790,410,1380,406,81,325,59,0,59,0,0,0,1111,320,791,9,9,0,83,0,83,122,0,122,391,73,318,113,8,105
"286","06","001","442000",1931,163646,1034,958,76,313,313,0,0,0,0,0,0,0,687,611,76,6,6,0,11,11,0,17,17,0,299,299,0,14,14,0
"287","06","001","442100",2218,167000,1616,1428,188,377,330,47,9,9,0,11,11,0,1161,1027,134,0,0,0,11,11,0,47,40,7,347,307,40,47,40,7
"288","06","001","442200",2597,158953,2140,1853,287,644,588,56,17,17,0,7,7,0,1333,1164,169,13,13,0,87,49,38,39,15,24,599,543,56,132,94,38
"289","06","001","442301",1630,86618,1516,811,705,512,279,233,61,20,41,7,0,7,768,434,334,12,8,4,124,54,70,32,16,16,480,261,219,172,88,84
"290","06","001","442302",1424,79208,2065,680,1385,526,164,362,267,47,220,18,0,18,1029,453,576,17,10,7,130,0,130,78,6,72,475,150,325,181,14,167
"291","06","001","442400",1878,100813,1975,1327,648,694,523,171,86,36,50,38,38,0,742,491,251,22,9,13,319,182,137,74,48,26,549,392,157,522,360,162
"292","06","001","442500",1559,74234,2219,1267,952,798,573,225,145,21,124,19,0,19,821,483,338,42,42,0,276,63,213,118,85,33,634,409,225,442,283,159
"293","06","001","442601",1790,126927,1301,949,352,669,567,102,15,0,15,0,0,0,450,311,139,0,0,0,115,51,64,52,20,32,545,459,86,239,159,80
"294","06","001","442602",1511,96458,1618,899,719,778,472,306,147,47,100,0,0,0,449,297,152,0,0,0,207,64,143,37,19,18,715,459,256,268,77,191
"295","06","001","442700",2089,112063,1037,707,330,576,482,94,42,0,42,0,0,0,375,191,184,0,0,0,17,17,0,27,17,10,502,408,94,98,98,0
"296","06","001","442800",2235,97336,925,696,229,451,337,114,38,16,22,0,0,0,379,302,77,0,0,0,43,27,16,14,14,0,387,298,89,98,66,32
"297","06","001","442900",1985,101343,2354,1605,749,1069,791,278,59,17,42,7,7,0,895,678,217,74,0,74,126,79,47,124,33,91,928,707,221,290,147,143
"298","06","001","443001",2175,100121,833,559,274,308,224,84,34,26,8,0,0,0,324,257,67,21,14,7,128,30,98,18,8,10,261,188,73,180,66,114
"299","06","001","443002",1974,84858,1887,1323,564,562,384,178,18,7,11,20,10,10,956,728,228,0,0,0,294,180,114,37,14,23,508,366,142,364,204,160
"300","06","001","443102",3071,160638,1531,1351,180,408,387,21,0,0,0,0,0,0,1085,950,135,8,8,0,17,0,17,13,6,7,397,376,21,35,11,24
"301","06","001","443103",2800,214063,1234,1139,95,124,95,29,13,0,13,4,4,0,1069,1016,53,0,0,0,0,0,0,24,24,0,108,95,13,16,0,16
"302","06","001","443104",1822,125313,1743,1178,565,404,332,72,14,0,14,9,3,6,1153,768,385,0,0,0,52,13,39,111,62,49,390,325,65,78,20,58
"303","06","001","443105",3019,153514,1436,1347,89,290,261,29,31,31,0,0,0,0,1054,994,60,28,28,0,0,0,0,33,33,0,290,261,29,0,0,0
"304","06","001","443200",3500,214013,1180,1118,62,259,236,23,6,6,0,14,14,0,843,804,39,18,18,0,0,0,0,40,40,0,250,227,23,21,21,0
"305","06","001","443301",2470,146850,1215,1041,174,451,377,74,26,12,14,13,13,0,672,586,86,0,0,0,0,0,0,53,53,0,415,341,74,73,73,0
"306","06","001","443321",1676,114948,1156,488,668,238,120,118,6,0,6,0,0,0,825,336,489,0,0,0,50,0,50,37,32,5,224,106,118,83,33,50
"307","06","001","443322",2477,149583,904,781,123,303,278,25,9,9,0,4,0,4,534,447,87,18,14,4,6,6,0,30,27,3,284,259,25,45,45,0
"308","06","001","444100",1614,98125,2531,2150,381,1546,1389,157,50,50,0,6,0,6,686,485,201,0,0,0,170,153,17,73,73,0,1370,1213,157,374,357,17
"309","06","001","444200",2112,89338,1897,1525,372,829,734,95,77,31,46,0,0,0,493,396,97,25,25,0,347,285,62,126,54,72,653,592,61,565,441,124
"310","06","001","444301",1493,96635,1172,881,291,577,510,67,19,10,9,0,0,0,358,245,113,37,16,21,172,91,81,9,9,0,500,440,60,271,168,103
"311","06","001","444302",1449,74750,1254,747,507,403,247,156,61,45,16,8,8,0,349,282,67,0,0,0,400,140,260,33,25,8,341,202,139,483,201,282
"312","06","001","444400",1715,82112,1549,904,645,507,355,152,71,20,51,14,14,0,389,247,142,0,0,0,474,218,256,94,50,44,410,298,112,599,289,310
"313","06","001","444500",1743,89277,2038,829,1209,743,372,371,264,26,238,0,0,0,598,359,239,29,22,7,383,44,339,21,6,15,566,307,259,560,109,451
"314","06","001","444601",2354,103103,1526,1301,225,708,625,83,86,71,15,19,19,0,416,343,73,12,12,0,196,180,16,89,51,38,608,559,49,347,259,88
"315","06","001","444602",1852,101946,1555,1118,437,515,382,133,125,65,60,9,9,0,790,574,216,0,0,0,40,28,12,76,60,16,487,366,121,116,92,24
"316","06","001","450101",2278,128731,1860,633,1227,806,226,580,145,26,119,21,0,21,753,365,388,6,6,0,8,0,8,121,10,111,762,214,548,52,12,40
"317","06","001","450102",2305,145395,1360,829,531,572,261,311,7,0,7,25,14,11,601,480,121,0,0,0,71,37,34,84,37,47,463,233,230,133,28,105
"318","06","001","450200",2001,106050,2446,843,1603,1422,574,848,143,31,112,0,0,0,714,197,517,5,0,5,21,0,21,141,41,100,1238,540,698,213,34,179
"319","06","001","450300",2274,109036,1749,1263,486,1287,999,288,55,22,33,11,0,11,322,208,114,0,0,0,29,15,14,45,19,26,1144,917,227,172,97,75
"320","06","001","450400",1551,90542,2087,1648,439,1598,1250,348,0,0,0,34,0,34,429,385,44,0,0,0,0,0,0,26,13,13,1434,1106,328,164,144,20
"321","06","001","450501",2109,109432,1307,929,378,904,679,225,93,46,47,0,0,0,260,187,73,0,0,0,8,8,0,42,9,33,840,665,175,97,22,75
"322","06","001","450502",2402,151016,1803,1594,209,1295,1184,111,27,12,15,7,7,0,402,371,31,0,0,0,0,0,0,72,20,52,1250,1150,100,54,34,20
"323","06","001","450601",1642,140170,1351,1171,180,914,794,120,14,14,0,0,0,0,342,303,39,0,0,0,26,26,0,55,34,21,824,733,91,116,87,29
"324","06","001","450602",2101,136630,3349,2379,970,2444,1766,678,52,12,40,8,0,8,777,572,205,0,0,0,0,0,0,68,29,39,2212,1636,576,243,130,113
"325","06","001","450603",2418,124000,1630,1337,293,1152,928,224,9,9,0,0,0,0,377,314,63,0,0,0,52,46,6,40,40,0,1101,877,224,114,108,6
"326","06","001","450604",1861,136326,1801,1375,426,1394,1150,244,0,0,0,5,0,5,354,200,154,0,0,0,12,0,12,36,25,11,1247,1059,188,159,91,68
"327","06","001","450605",2018,129833,1490,1180,310,1190,1012,178,15,15,0,2,2,0,237,140,97,0,0,0,10,0,10,36,11,25,1046,905,141,163,116,47
"328","06","001","450606",1937,165042,2059,1755,304,1440,1192,248,8,8,0,4,0,4,456,413,43,0,0,0,19,10,9,132,132,0,1408,1172,236,66,45,21
"329","06","001","450607",1455,90745,2290,849,1441,1669,569,1100,48,20,28,0,0,0,461,237,224,0,0,0,75,23,52,37,0,37,1430,537,893,256,38,218
"330","06","001","450701",1919,183354,2892,2384,508,1927,1558,369,23,0,23,10,10,0,785,669,116,0,0,0,44,44,0,103,103,0,1889,1523,366,99,96,3
"331","06","001","450741",1873,113611,1924,1163,761,1430,936,494,103,0,103,8,8,0,312,203,109,0,0,0,51,16,35,20,0,20,1136,828,308,345,124,221
"332","06","001","450742",1980,123071,1868,1489,379,1446,1176,270,21,12,9,0,0,0,382,282,100,0,0,0,9,9,0,10,10,0,1277,1112,165,169,64,105
"333","06","001","450743",2090,109410,2103,716,1387,886,274,612,87,21,66,9,0,9,1042,410,632,32,3,29,0,0,0,47,8,39,812,264,548,85,10,75
"334","06","001","450744",2228,133359,1701,1214,487,1126,845,281,38,19,19,23,14,9,427,301,126,21,7,14,33,5,28,33,23,10,1077,810,267,98,47,51
"335","06","001","450745",1821,152813,2209,1545,664,1092,754,338,31,5,26,6,0,6,919,724,195,37,0,37,13,0,13,111,62,49,944,660,284,187,94,93
"336","06","001","450746",1679,105278,1336,1017,319,1049,758,291,0,0,0,0,0,0,234,222,12,7,0,7,0,0,0,46,37,9,925,634,291,124,124,0
"337","06","001","450750",1791,103929,2028,932,1096,1169,487,682,139,16,123,0,0,0,546,381,165,45,0,45,52,40,12,77,8,69,988,440,548,249,95,154
"338","06","001","450751",2846,184539,2227,1966,261,630,507,123,41,19,22,0,0,0,1462,1386,76,9,9,0,0,0,0,85,45,40,567,444,123,68,68,0
"339","06","001","450752",2684,177093,1610,1399,211,543,386,157,98,98,0,7,7,0,876,870,6,9,9,0,9,0,9,68,29,39,479,356,123,73,30,43
"340","06","001","451101",2025,149203,2455,2052,403,1917,1573,344,63,35,28,8,8,0,328,314,14,11,11,0,45,41,4,83,70,13,1711,1400,311,250,213,37
"341","06","001","451102",-666666666,163170,1393,1358,35,1242,1207,35,10,10,0,5,5,0,114,114,0,11,11,0,11,11,0,0,0,0,1164,1144,20,89,74,15
"342","06","001","451201",1823,92450,2608,1839,769,2060,1486,574,16,16,0,0,0,0,309,210,99,0,0,0,83,20,63,140,107,33,1836,1322,514,335,195,140
"343","06","001","451202",2130,113828,1515,1371,144,1222,1118,104,0,0,0,0,0,0,199,186,13,0,0,0,67,40,27,27,27,0,1049,945,104,250,223,27
"344","06","001","451300",2154,100699,2351,1830,521,2001,1598,403,32,0,32,0,0,0,188,131,57,0,0,0,91,62,29,39,39,0,1738,1408,330,375,273,102
"345","06","001","451401",1658,94063,2397,1392,1005,2046,1158,888,39,16,23,7,7,0,199,136,63,0,0,0,41,21,20,65,54,11,1818,1109,709,294,84,210
"346","06","001","451403",2151,106250,770,620,150,666,548,118,7,7,0,0,0,0,56,37,19,0,0,0,13,8,5,28,20,8,563,464,99,127,103,24
"347","06","001","451404",1634,55994,2033,829,1204,1629,718,911,26,26,0,0,0,0,157,48,109,0,0,0,159,28,131,62,9,53,1076,580,496,738,175,563
"348","06","001","451501",924,103350,1773,1141,632,1530,1005,525,5,5,0,0,0,0,157,80,77,0,0,0,41,11,30,40,40,0,1391,963,428,189,62,127
"349","06","001","451503",1248,94013,2129,1498,631,1912,1330,582,0,0,0,21,12,9,104,72,32,0,0,0,55,47,8,37,37,0,1666,1274,392,330,123,207
"350","06","001","451504",2275,110563,623,434,189,469,340,129,11,0,11,0,0,0,84,55,29,8,0,8,16,16,0,35,23,12,439,330,109,42,22,20
"351","06","001","451505",2282,150388,1189,1044,145,1094,949,145,0,0,0,0,0,0,58,58,0,0,0,0,0,0,0,37,37,0,949,860,89,168,112,56
"352","06","001","451506",1645,92198,1115,508,607,886,430,456,14,0,14,0,0,0,88,64,24,22,0,22,40,14,26,65,0,65,642,387,255,299,57,242
"353","06","001","451601",1533,136836,1979,1473,506,1660,1206,454,0,0,0,0,0,0,258,225,33,0,0,0,11,11,0,50,31,19,1573,1143,430,111,74,37
"354","06","001","451602",1540,85925,2891,1615,1276,2631,1432,1199,0,0,0,7,0,7,183,126,57,0,0,0,0,0,0,70,57,13,2289,1256,1033,342,176,166
"355","06","001","451701",2228,103005,1047,791,256,898,645,253,8,8,0,0,0,0,75,75,0,0,0,0,24,24,0,42,39,3,792,590,202,130,79,51
"356","06","001","451703",2179,130369,1371,1143,228,1099,924,175,10,10,0,4,4,0,188,143,45,0,0,0,0,0,0,70,62,8,974,809,165,166,156,10
"357","06","001","451704",1516,96964,1711,1129,582,1546,1066,480,46,0,46,0,0,0,87,45,42,0,0,0,24,10,14,8,8,0,1358,968,390,212,108,104
"358","06","001","981900",1857,105714,24,0,24,24,0,24,0,0,0,0,0,0,0,0,0,0,0,0,0,0,0,0,0,0,24,0,24,0,0,0
"359","06","001","982000",-666666666,160417,29,22,7,18,11,7,0,0,0,0,0,0,7,7,0,0,0,0,0,0,0,4,4,0,18,11,7,4,4,0
"360","06","001","983200",2536,131250,310,278,32,195,180,15,19,6,13,3,3,0,77,77,0,0,0,0,0,0,0,16,12,4,142,127,15,53,53,0
"361","06","001","990000",-666666666,-666666666,0,0,0,0,0,0,0,0,0,0,0,0,0,0,0,0,0,0,0,0,0,0,0,0,0,0,0,0,0,0
"362","06","013","301000",1431,53750,1874,1530,344,1447,1192,255,142,142,0,10,10,0,66,59,7,0,0,0,96,44,52,113,83,30,1285,1145,140,279,112,167
"363","06","013","302005",1072,51186,2320,1414,906,1730,1149,581,123,13,110,28,0,28,76,34,42,37,37,0,262,142,120,64,39,25,1412,976,436,622,315,307
"364","06","013","302006",1689,87869,1249,992,257,979,815,164,71,15,56,0,0,0,71,58,13,0,0,0,93,79,14,35,25,10,712,613,99,360,281,79
"365","06","013","302007",1540,71023,2022,1335,687,1379,1017,362,213,71,142,11,11,0,98,98,0,16,16,0,267,84,183,38,38,0,957,764,193,699,347,352
"366","06","013","302008",1427,85597,2172,1523,649,1454,1008,446,248,153,95,76,21,55,168,168,0,0,0,0,65,65,0,161,108,53,875,652,223,679,429,250
"367","06","013","302009",2003,96814,2017,1141,876,827,546,281,538,174,364,48,48,0,288,242,46,0,0,0,158,57,101,158,74,84,642,429,213,485,249,236
"368","06","013","302010",2106,109093,3213,2828,385,2393,2075,318,212,156,56,17,17,0,228,228,0,0,0,0,189,189,0,174,163,11,2028,1726,302,687,643,44
"369","06","013","303102",1616,105821,2468,1834,634,1826,1361,465,228,212,16,0,0,0,242,153,89,0,0,0,119,91,28,53,17,36,1200,994,206,762,475,287
"370","06","013","303103",1738,80373,3594,2042,1552,2589,1598,991,344,44,300,62,43,19,154,124,30,0,0,0,347,183,164,98,50,48,1977,1256,721,1084,550,534
"371","06","013","303201",1957,96442,3060,2034,1026,1875,1354,521,463,262,201,0,0,0,284,223,61,90,38,52,124,64,60,224,93,131,1558,1137,421,473,281,192
"372","06","013","303202",1849,94788,2289,1714,575,1767,1344,423,154,132,22,0,0,0,107,103,4,0,0,0,141,80,61,120,55,65,1633,1248,385,308,187,121
"373","06","013","303203",2069,109150,2927,2049,878,2226,1682,544,256,83,173,0,0,0,275,212,63,0,0,0,34,11,23,136,61,75,1851,1465,386,472,272,200
"374","06","013","303204",1761,68718,1590,1127,463,1155,867,288,159,57,102,0,0,0,20,20,0,7,0,7,139,73,66,110,110,0,957,736,221,370,230,140
"375","06","013","303205",2213,84306,3282,2718,564,2928,2427,501,35,35,0,0,0,0,124,111,13,23,23,0,81,59,22,91,63,28,2398,2073,325,628,430,198
"376","06","013","304001",2556,114306,1412,1102,310,1131,837,294,72,72,0,0,0,0,165,149,16,0,0,0,9,9,0,35,35,0,947,755,192,193,91,102
"377","06","013","304002",1097,57813,451,301,150,437,300,137,0,0,0,0,0,0,0,0,0,0,0,0,14,1,13,0,0,0,297,231,66,154,70,84
"378","06","013","304003",1965,88750,1503,1158,345,1318,1057,261,19,19,0,0,0,0,87,72,15,0,0,0,61,0,61,18,10,8,1214,990,224,165,67,98
"379","06","013","304004",2207,106337,1595,1299,296,1424,1185,239,13,13,0,9,0,9,60,47,13,0,0,0,13,0,13,76,54,22,1331,1102,229,156,112,44
"380","06","013","304005",2248,110972,2198,1660,538,1809,1433,376,113,46,67,20,20,0,83,54,29,0,0,0,121,61,60,52,46,6,1554,1237,317,394,275,119
"381","06","013","305000",1088,47500,2272,557,1715,1177,383,794,529,0,529,95,13,82,66,47,19,0,0,0,359,78,281,46,36,10,839,294,545,741,167,574
"382","06","013","306002",1333,70385,1036,840,196,735,643,92,118,95,23,23,23,0,13,7,6,0,0,0,141,66,75,6,6,0,640,582,58,236,127,109
"383","06","013","306003",1199,49688,1695,960,735,996,545,451,278,87,191,0,0,0,76,15,61,16,16,0,291,282,9,38,15,23,803,446,357,523,410,113
"384","06","013","306004",1389,62520,1202,668,534,743,521,222,305,57,248,8,0,8,28,19,9,0,0,0,63,52,11,55,19,36,605,434,171,207,128,79
"385","06","013","307101",1409,68250,1443,959,484,988,689,299,224,75,149,0,0,0,82,82,0,0,0,0,91,55,36,58,58,0,793,537,256,324,245,79
"386","06","013","307102",1228,42711,1688,749,939,1024,575,449,175,0,175,38,0,38,56,47,9,0,0,0,348,94,254,47,33,14,602,467,135,852,230,622
"387","06","013","307201",1042,45600,1114,587,527,661,400,261,68,0,68,0,0,0,71,45,26,0,0,0,166,79,87,148,63,85,416,273,143,464,241,223
"388","06","013","307202",1057,27530,1489,179,1310,510,120,390,523,37,486,10,0,10,93,7,86,28,0,28,248,15,233,77,0,77,312,102,210,489,33,456
"389","06","013","307204",1650,55022,1239,958,281,858,722,136,97,7,90,67,67,0,63,63,0,0,0,0,89,67,22,65,32,33,627,545,82,422,322,100
"390","06","013","307205",1305,50023,2493,1022,1471,1184,693,491,601,58,543,20,20,0,191,60,131,0,0,0,427,174,253,70,17,53,898,522,376,713,345,368
"391","06","013","308001",1544,63839,2431,1671,760,1716,1293,423,117,36,81,41,41,0,155,113,42,27,0,27,283,127,156,92,61,31,1437,1093,344,603,368,235
"392","06","013","308002",2064,92321,1397,1156,241,744,650,94,211,154,57,15,15,0,279,250,29,0,0,0,70,62,8,78,25,53,560,493,67,269,217,52
"393","06","013","309000",1190,68393,1251,659,592,491,312,179,494,202,292,7,0,7,138,82,56,0,0,0,40,28,12,81,35,46,359,241,118,236,113,123
"394","06","013","310000",1263,51175,1703,727,976,658,434,224,412,170,242,0,0,0,102,59,43,21,7,14,458,39,419,52,18,34,330,242,88,829,239,590
"395","06","013","311000",1353,50538,1484,769,715,459,296,163,442,210,232,6,6,0,210,132,78,6,0,6,257,85,172,104,40,64,239,185,54,512,220,292
"396","06","013","312000",566,33693,781,262,519,211,79,132,359,86,273,0,0,0,78,26,52,0,0,0,81,54,27,52,17,35,92,29,63,225,109,116
"397","06","013","313101",1220,43717,2589,1250,1339,1087,739,348,422,141,281,32,0,32,338,137,201,55,0,55,379,153,226,276,80,196,722,464,258,824,412,412
"398","06","013","313102",1505,66076,1472,802,670,608,350,258,445,209,236,21,11,10,149,128,21,27,0,27,136,87,49,86,17,69,400,254,146,378,194,184
"399","06","013","313103",1690,87332,2640,1693,947,1240,765,475,378,175,203,13,13,0,513,381,132,27,27,0,365,289,76,104,43,61,1028,599,429,649,512,137
"400","06","013","313203",1758,78188,914,639,275,476,373,103,30,24,6,11,0,11,167,113,54,39,17,22,133,54,79,58,58,0,363,287,76,287,158,129
"401","06","013","313204",1324,66286,1708,970,738,848,504,344,254,138,116,6,6,0,210,167,43,0,0,0,313,108,205,77,47,30,639,412,227,553,219,334
"402","06","013","313205",1723,85069,506,387,119,240,184,56,59,16,43,0,0,0,114,109,5,0,0,0,78,63,15,15,15,0,153,129,24,165,118,47
"403","06","013","313206",1426,54179,1592,827,765,573,304,269,360,163,197,25,5,20,210,87,123,0,0,0,360,210,150,64,58,6,224,172,52,725,352,373
"404","06","013","314102",1530,55698,1662,1155,507,677,519,158,136,63,73,15,12,3,210,161,49,19,0,19,460,313,147,145,87,58,422,351,71,736,499,237
"405","06","013","314103",1317,43212,1753,762,991,659,351,308,351,59,292,6,6,0,231,199,32,11,0,11,394,130,264,101,17,84,252,135,117,880,352,528
"406","06","013","314104",1218,44804,2447,1166,1281,1077,734,343,370,61,309,59,17,42,170,170,0,0,0,0,539,140,399,232,44,188,614,503,111,1212,426,786
"407","06","013","314200",1433,47440,1730,1077,653,956,718,238,79,69,10,0,0,0,59,35,24,23,0,23,563,228,335,50,27,23,437,396,41,1103,556,547
"408","06","013","315000",1699,79732,1215,968,247,692,577,115,60,55,5,11,11,0,189,134,55,25,25,0,87,47,40,151,119,32,615,500,115,260,228,32
"409","06","013","316000",937,36563,465,54,411,418,54,364,20,0,20,17,0,17,0,0,0,0,0,0,4,0,4,6,0,6,366,54,312,73,0,73
"410","06","013","317000",1345,71548,1074,372,702,875,326,549,35,0,35,32,0,32,39,13,26,0,0,0,44,27,17,49,6,43,848,316,532,103,37,66
"411","06","013","318000",1231,75221,1475,772,703,1245,717,528,21,0,21,0,0,0,80,17,63,0,0,0,63,10,53,66,28,38,1154,672,482,183,55,128
"412","06","013","319000",1302,77695,3162,1933,1229,2684,1695,989,50,41,9,23,0,23,129,48,81,0,0,0,136,39,97,140,110,30,2315,1564,751,550,170,380
"413","06","013","320001",1377,75438,1254,809,445,945,655,290,32,8,24,0,0,0,21,21,0,82,15,67,114,62,52,60,48,12,729,553,176,364,198,166
"414","06","013","320003",2326,112161,1064,919,145,845,717,128,17,17,0,0,0,0,142,133,9,0,0,0,23,23,0,37,29,8,803,675,128,97,89,8
"415","06","013","320004",1691,96455,2542,1703,839,2070,1437,633,41,0,41,0,0,0,203,169,34,16,0,16,71,0,71,141,97,44,1846,1314,532,327,136,191
"416","06","013","321101",1897,98234,2579,1630,949,2204,1383,821,63,47,16,0,0,0,159,108,51,0,0,0,42,31,11,111,61,50,1979,1309,670,283,105,178
"417","06","013","321102",2500,114242,2675,2277,398,2158,1913,245,0,0,0,16,16,0,285,241,44,0,0,0,105,14,91,111,93,18,1975,1730,245,304,213,91
"418","06","013","321103",1737,112669,1783,1543,240,1609,1447,162,0,0,0,14,5,9,98,64,34,0,0,0,12,12,0,50,15,35,1533,1371,162,111,88,23
"419","06","013","321200",1597,64056,2179,866,1313,1420,734,686,104,7,97,10,10,0,480,79,401,20,0,20,95,36,59,50,0,50,1335,694,641,236,86,150
"420","06","013","322000",2274,96354,2456,1742,714,2028,1492,536,13,13,0,50,0,50,179,146,33,0,0,0,18,0,18,168,91,77,1801,1353,448,254,139,115
"421","06","013","323000",1963,101037,1714,1346,368,1489,1138,351,9,9,0,0,0,0,116,116,0,60,60,0,24,15,9,16,8,8,1362,1089,273,159,72,87
"422","06","013","324001",1447,85851,2994,550,2444,2149,386,1763,158,17,141,0,0,0,525,126,399,0,0,0,59,0,59,103,21,82,1942,369,1573,245,17,228
"423","06","013","324002",1578,88342,2420,862,1558,1785,593,1192,113,0,113,0,0,0,253,171,82,0,0,0,142,49,93,127,49,78,1544,558,986,406,107,299
"424","06","013","325000",1465,89884,2161,1436,725,1910,1326,584,0,0,0,0,0,0,141,70,71,0,0,0,44,0,44,66,40,26,1813,1247,566,182,94,88
"425","06","013","326000",1947,114844,1345,1067,278,1202,963,239,23,0,23,0,0,0,73,57,16,20,20,0,11,11,0,16,16,0,1110,879,231,103,95,8
"426","06","013","327000",1244,56217,2837,1752,1085,2325,1508,817,0,0,0,18,18,0,169,121,48,0,0,0,143,38,105,182,67,115,1727,1217,510,820,381,439
"427","06","013","328000",1252,28656,1455,80,1375,893,45,848,121,0,121,0,0,0,282,35,247,0,0,0,18,0,18,141,0,141,743,45,698,219,0,219
"428","06","013","329000",1470,81884,2162,1575,587,1598,1280,318,44,15,29,0,0,0,191,133,58,0,0,0,191,100,91,138,47,91,1337,1065,272,487,334,153
"429","06","013","330000",1796,72659,1878,1307,571,1393,1002,391,23,0,23,22,0,22,289,222,67,0,0,0,87,61,26,64,22,42,1123,825,298,394,266,128
"430","06","013","331000",1391,67695,2792,1602,1190,1929,1170,759,178,84,94,15,0,15,260,165,95,60,60,0,232,74,158,118,49,69,1704,1090,614,489,171,318
"431","06","013","332000",1421,87173,2899,2173,726,2381,1827,554,0,0,0,11,11,0,250,209,41,0,0,0,147,65,82,110,61,49,2037,1562,475,512,341,171
"432","06","013","333101",1486,80909,1512,991,521,1216,854,362,40,0,40,0,0,0,143,67,76,0,0,0,70,44,26,43,26,17,1035,768,267,273,144,129
"433","06","013","333102",1476,90222,1508,1101,407,1098,850,248,69,38,31,0,0,0,213,126,87,0,0,0,55,43,12,73,44,29,937,723,214,244,198,46
"434","06","013","333200",1973,72903,2256,1540,716,1971,1385,586,0,0,0,0,0,0,86,59,27,0,0,0,143,73,70,56,23,33,1671,1195,476,443,263,180
"435","06","013","334001",1268,80612,1549,826,723,1264,725,539,50,0,50,0,0,0,177,87,90,0,0,0,28,0,28,30,14,16,1130,621,509,162,104,58
"436","06","013","334004",1481,71250,3101,1541,1560,2229,1164,1065,178,57,121,52,42,10,360,228,132,0,0,0,70,16,54,212,34,178,1894,1066,828,405,114,291
"437","06","013","334006",2677,120735,1676,1384,292,1223,984,239,50,27,23,7,7,0,301,282,19,0,0,0,40,40,0,55,44,11,1081,853,228,189,178,11
"438","06","013","334200",2203,145783,2781,2145,636,2487,1866,621,41,41,0,0,0,0,200,200,0,0,0,0,38,38,0,15,0,15,2349,1763,586,156,121,35
"439","06","013","335000",1728,74259,1236,791,445,936,602,334,36,13,23,0,0,0,92,85,7,0,0,0,84,64,20,88,27,61,712,478,234,323,188,135
"440","06","013","336101",1341,47500,1506,212,1294,871,149,722,140,17,123,0,0,0,200,9,191,22,0,22,217,15,202,56,22,34,405,96,309,683,68,615
"441","06","013","336102",1225,37299,2629,278,2351,1178,202,976,411,0,411,45,0,45,349,33,316,0,0,0,491,16,475,155,27,128,642,155,487,1126,90,1036
"442","06","013","336201",1369,59944,1198,700,498,781,501,280,11,11,0,0,0,0,177,105,72,0,0,0,177,68,109,52,15,37,535,379,156,423,190,233
"443","06","013","336202",1148,41723,1696,217,1479,1069,148,921,33,0,33,13,0,13,112,45,67,51,0,51,339,16,323,79,8,71,415,123,292,1005,41,964
"444","06","013","337100",1702,95857,1244,967,277,928,734,194,48,40,8,0,0,0,173,138,35,0,0,0,54,14,40,41,41,0,845,714,131,157,54,103
"445","06","013","337200",1430,67138,3023,1558,1465,2307,1149,1158,54,14,40,0,0,0,435,308,127,0,0,0,84,39,45,143,48,95,1693,911,782,698,277,421
"446","06","013","337300",1670,122520,2279,1899,380,1867,1583,284,47,29,18,38,38,0,265,204,61,0,0,0,13,13,0,49,32,17,1742,1458,284,193,176,17
"447","06","013","338101",1370,54870,1755,922,833,1035,612,423,179,61,118,11,11,0,188,131,57,0,0,0,302,96,206,40,11,29,750,446,304,607,268,339
"448","06","013","338102",2198,103869,1373,1216,157,1079,945,134,0,0,0,0,0,0,91,91,0,23,23,0,21,21,0,159,136,23,910,802,108,227,189,38
"449","06","013","338201",1764,101042,1398,1200,198,1197,1031,166,14,5,9,4,4,0,183,160,23,0,0,0,0,0,0,0,0,0,1139,973,166,58,58,0
"450","06","013","338203",1783,93779,2663,1065,1598,1900,809,1091,39,0,39,0,0,0,496,204,292,0,0,0,48,0,48,180,52,128,1730,723,1007,218,86,132
"451","06","013","338204",2060,92759,2692,1464,1228,2158,1141,1017,34,12,22,12,0,12,415,255,160,0,0,0,0,0,0,73,56,17,2044,1104,940,124,47,77
"452","06","013","338301",1919,134861,1071,930,141,910,769,141,12,12,0,0,0,0,144,144,0,0,0,0,0,0,0,5,5,0,828,722,106,82,47,35
"453","06","013","338302",2297,159917,2119,1828,291,1780,1582,198,0,0,0,0,0,0,295,246,49,0,0,0,0,0,0,44,0,44,1672,1474,198,123,108,15
"454","06","013","339001",1682,72620,1821,100,1721,1305,69,1236,87,0,87,25,0,25,271,22,249,9,0,9,74,0,74,50,9,41,1129,55,1074,293,23,270
"455","06","013","339002",1685,65879,3530,778,2752,2702,596,2106,30,0,30,5,0,5,613,182,431,0,0,0,12,0,12,168,0,168,2405,564,1841,309,32,277
"456","06","013","340001",1645,68872,2389,1352,1037,2035,1183,852,55,0,55,0,0,0,272,156,116,14,0,14,13,13,0,0,0,0,1906,1100,806,142,96,46
"457","06","013","340002",2140,117332,2936,2247,689,2510,1900,610,0,0,0,10,0,10,271,256,15,0,0,0,51,32,19,94,59,35,2313,1745,568,240,179,61
"458","06","013","341000",1658,116346,2108,1324,784,1844,1257,587,0,0,0,0,0,0,191,67,124,0,0,0,20,0,20,53,0,53,1709,1158,551,155,99,56
"459","06","013","343001",1638,98167,2094,960,1134,1877,899,978,30,0,30,0,0,0,131,53,78,0,0,0,48,0,48,8,8,0,1731,863,868,194,36,158
"460","06","013","343002",1772,93528,1894,1281,613,1720,1125,595,0,0,0,0,0,0,142,124,18,0,0,0,0,0,0,32,32,0,1527,1102,425,209,39,170
"461","06","013","343003",1508,128111,1486,1244,242,1267,1058,209,11,11,0,0,0,0,156,140,16,0,0,0,17,0,17,35,35,0,1228,1031,197,68,39,29
"462","06","013","345101",1857,115897,1851,1335,516,1301,966,335,34,34,0,5,5,0,424,264,160,0,0,0,64,43,21,23,23,0,1167,850,317,221,182,39
"463","06","013","345102",2411,125801,1217,1075,142,985,866,119,0,0,0,0,0,0,175,166,9,0,0,0,22,22,0,35,21,14,886,798,88,121,90,31
"464","06","013","345103",1656,130319,1764,1453,311,1352,1066,286,26,26,0,5,5,0,309,284,25,0,0,0,10,10,0,62,62,0,1245,974,271,129,114,15
"465","06","013","345105",2173,115625,2246,1817,429,2000,1602,398,0,0,0,11,11,0,182,155,27,0,0,0,0,0,0,53,49,4,1877,1494,383,123,108,15
"466","06","013","345108",2200,120436,3132,2347,785,2041,1550,491,118,35,83,21,21,0,821,642,179,0,0,0,29,29,0,102,70,32,1990,1499,491,101,101,0
"467","06","013","345111",1903,121375,1865,1025,840,903,609,294,29,0,29,18,18,0,866,375,491,0,0,0,36,10,26,13,13,0,826,585,241,126,47,79
"468","06","013","345112",1891,101528,2078,1031,1047,1258,609,649,21,21,0,0,0,0,721,366,355,0,0,0,30,21,9,48,14,34,998,609,389,305,21,284
"469","06","013","345113",3147,157986,1447,1319,128,1097,981,116,47,47,0,0,0,0,297,285,12,0,0,0,0,0,0,6,6,0,1042,926,116,55,55,0
"470","06","013","345114",3190,150641,2556,2305,251,2324,2089,235,16,16,0,0,0,0,208,192,16,0,0,0,0,0,0,8,8,0,2250,2015,235,74,74,0
"471","06","013","345115",2421,165893,1895,1426,469,1204,958,246,5,0,5,25,0,25,577,450,127,0,0,0,11,0,11,73,18,55,1103,891,212,112,67,45
"472","06","013","345116",3222,150776,898,755,143,641,547,94,4,4,0,0,0,0,186,156,30,0,0,0,26,26,0,41,22,19,584,507,77,68,51,17
"473","06","013","345202",1938,114852,3119,1761,1358,2147,1224,923,163,97,66,11,11,0,697,378,319,0,0,0,0,0,0,101,51,50,2048,1158,890,167,121,46
"474","06","013","345203",1984,138929,2656,1920,736,2389,1748,641,65,65,0,0,0,0,165,70,95,0,0,0,0,0,0,37,37,0,2255,1672,583,164,106,58
"475","06","013","345204",3501,183333,1252,1169,83,1202,1119,83,0,0,0,0,0,0,43,43,0,0,0,0,0,0,0,7,7,0,1135,1052,83,75,75,0
"476","06","013","346101",3184,148146,1301,1156,145,1081,981,100,0,0,0,0,0,0,196,160,36,0,0,0,0,0,0,24,15,9,1024,924,100,57,57,0
"477","06","013","346102",2669,187188,1998,1827,171,1714,1590,124,9,9,0,0,0,0,201,187,14,9,9,0,33,0,33,32,32,0,1635,1511,124,112,79,33
"478","06","013","346201",2889,161891,2751,2510,241,2566,2325,241,0,0,0,0,0,0,164,164,0,0,0,0,0,0,0,21,21,0,2478,2255,223,88,70,18
"479","06","013","346203",3130,128603,1377,1303,74,1234,1160,74,0,0,0,0,0,0,126,126,0,0,0,0,0,0,0,17,17,0,1218,1144,74,16,16,0
"480","06","013","346204",2025,181523,2520,2256,264,2132,1884,248,0,0,0,0,0,0,375,359,16,0,0,0,0,0,0,13,13,0,2001,1770,231,131,114,17
"481","06","013","347000",1440,155750,2382,2036,346,1880,1697,183,46,46,0,0,0,0,356,204,152,0,0,0,29,18,11,71,71,0,1810,1678,132,107,45,62
"482","06","013","348000",2012,182143,1668,1433,235,1423,1197,226,9,9,0,0,0,0,169,160,9,0,0,0,0,0,0,67,67,0,1373,1166,207,50,31,19
"483","06","013","349000",1570,113819,2041,1168,873,1637,1050,587,53,9,44,6,0,6,206,91,115,0,0,0,35,0,35,104,18,86,1511,1008,503,208,42,166
"484","06","013","350000",1812,92734,2591,1418,1173,2122,1183,939,46,46,0,0,0,0,294,174,120,0,0,0,12,0,12,117,15,102,1939,1155,784,195,28,167
"485","06","013","351101",1031,49115,1926,1769,157,1731,1598,133,17,17,0,0,0,0,143,119,24,9,9,0,9,9,0,17,17,0,1695,1562,133,45,45,0
"486","06","013","351102",1231,44598,2697,2374,323,2475,2216,259,0,0,0,0,0,0,178,114,64,0,0,0,30,30,0,14,14,0,2364,2123,241,141,123,18
"487","06","013","351103",1379,71333,1276,1215,61,1180,1119,61,0,0,0,7,7,0,73,73,0,0,0,0,8,8,0,8,8,0,1153,1103,50,35,24,11
"488","06","013","351200",3501,200750,2132,2037,95,1811,1716,95,0,0,0,0,0,0,240,240,0,0,0,0,20,20,0,61,61,0,1737,1642,95,94,94,0
"489","06","013","352101",2331,164432,797,726,71,654,599,55,10,5,5,0,0,0,119,114,5,0,0,0,4,4,0,10,4,6,618,563,55,40,40,0
"490","06","013","352102",2433,171802,1788,1661,127,1497,1383,114,0,0,0,0,0,0,244,231,13,0,0,0,0,0,0,47,47,0,1433,1328,105,64,55,9
"491","06","013","352201",1793,122188,2342,1708,634,1864,1393,471,0,0,0,0,0,0,426,299,127,0,0,0,16,16,0,36,0,36,1744,1292,452,120,101,19
"492","06","013","352202",2246,113611,1032,811,221,839,671,168,0,0,0,0,0,0,170,131,39,8,0,8,0,0,0,15,9,6,794,636,158,45,35,10
"493","06","013","353001",-666666666,177679,1317,1221,96,1130,1054,76,21,21,0,0,0,0,143,123,20,0,0,0,0,0,0,23,23,0,1124,1048,76,6,6,0
"494","06","013","353002",2463,161780,1533,1394,139,1321,1191,130,28,19,9,0,0,0,153,153,0,0,0,0,31,31,0,0,0,0,1284,1175,109,68,47,21
"495","06","013","354001",-666666666,173021,731,677,54,617,567,50,0,0,0,5,5,0,89,89,0,4,0,4,0,0,0,16,16,0,603,553,50,14,14,0
"496","06","013","354002",-666666666,219556,2595,2088,507,2078,1750,328,32,14,18,0,0,0,374,213,161,0,0,0,58,58,0,53,53,0,1954,1675,279,154,105,49
"497","06","013","355107",2104,84107,1704,1393,311,1107,968,139,235,121,114,0,0,0,165,165,0,0,0,0,140,93,47,57,46,11,879,788,91,376,281,95
"498","06","013","355108",2225,93927,3725,2762,963,1415,1174,241,920,533,387,55,0,55,736,631,105,58,58,0,319,217,102,222,149,73,1143,944,199,591,447,144
"499","06","013","355109",1817,92167,2218,1887,331,1250,1101,149,455,386,69,0,0,0,203,203,0,11,11,0,167,62,105,132,124,8,1070,921,149,373,268,105
"500","06","013","355110",2049,81618,1112,749,363,590,404,186,206,115,91,7,7,0,182,139,43,0,0,0,58,25,33,69,59,10,354,265,89,302,172,130
"501","06","013","355111",2074,81761,1923,1421,502,806,637,169,477,221,256,0,0,0,287,265,22,0,0,0,232,192,40,121,106,15,648,523,125,469,362,107
"502","06","013","355112",-666666666,162500,2094,1901,193,1743,1606,137,6,6,0,0,0,0,284,268,16,0,0,0,21,21,0,40,0,40,1623,1486,137,120,120,0
"503","06","013","355113",3501,169250,1707,1528,179,1189,1054,135,74,65,9,0,0,0,418,383,35,0,0,0,0,0,0,26,26,0,1136,1001,135,53,53,0
"504","06","013","355114",2539,165082,3461,2860,601,1768,1378,390,57,39,18,0,0,0,1499,1345,154,0,0,0,87,48,39,50,50,0,1635,1245,390,254,215,39
"505","06","013","355115",1749,105635,2514,1073,1441,894,190,704,205,57,148,0,0,0,1196,799,397,30,0,30,52,27,25,137,0,137,762,161,601,215,63,152
"506","06","013","355116",2546,188086,2167,1768,399,657,502,155,20,20,0,5,5,0,1365,1174,191,0,0,0,14,14,0,106,53,53,561,440,121,110,76,34
"507","06","013","355117",3226,205441,1902,1647,255,382,277,105,21,21,0,7,7,0,1405,1300,105,35,0,35,10,0,10,42,42,0,356,251,105,26,26,0
"508","06","013","355200",1973,108438,2692,1545,1147,886,417,469,463,137,326,0,0,0,953,800,153,0,0,0,302,145,157,88,46,42,762,364,398,515,240,275
"509","06","013","355301",2125,114200,2870,2433,437,2216,1934,282,96,18,78,13,13,0,249,249,0,20,20,0,99,52,47,177,147,30,2032,1819,213,312,243,69
"510","06","013","355302",1992,183654,1198,1088,110,913,803,110,6,6,0,0,0,0,248,248,0,0,0,0,0,0,0,31,31,0,851,772,79,75,44,31
"511","06","013","355304",2134,130080,3165,2824,341,2691,2396,295,38,0,38,35,35,0,293,293,0,0,0,0,42,42,0,66,58,8,2551,2305,246,220,133,87
"512","06","013","355306",2054,135185,1826,1630,196,1669,1483,186,0,0,0,8,8,0,85,75,10,0,0,0,29,29,0,35,35,0,1598,1412,186,108,108,0
"513","06","013","356001",1448,83476,1240,1026,214,582,499,83,186,98,88,40,40,0,333,306,27,0,0,0,51,51,0,48,32,16,402,324,78,240,235,5
"514","06","013","356002",1655,122927,1892,1554,338,820,678,142,332,266,66,24,24,0,537,442,95,0,0,0,38,27,11,141,117,24,784,650,134,108,81,27
"515","06","013","357000",1136,88617,1482,670,812,1254,613,641,43,23,20,0,0,0,11,0,11,0,0,0,74,27,47,100,7,93,1084,561,523,250,79,171
"516","06","013","358000",1148,61250,2073,1061,1012,1178,680,498,319,127,192,8,0,8,255,147,108,0,0,0,125,67,58,188,40,148,794,568,226,499,179,320
"517","06","013","359102",1575,70886,1892,1264,628,1096,745,351,144,90,54,44,7,37,452,305,147,0,0,0,23,23,0,133,94,39,750,513,237,447,303,144
"518","06","013","359103",1225,69255,1984,1173,811,1118,792,326,280,56,224,0,0,0,361,258,103,0,0,0,51,15,36,174,52,122,886,675,211,299,132,167
"519","06","013","359104",1612,74306,889,634,255,310,237,73,186,108,78,5,5,0,299,201,98,0,0,0,37,37,0,52,46,6,265,198,67,87,81,6
"520","06","013","359105",2288,111536,1522,1259,263,465,404,61,342,249,93,5,5,0,582,497,85,7,7,0,46,34,12,75,63,12,354,302,52,178,157,21
"521","06","013","359202",1894,85118,2210,1792,418,1449,1278,171,178,89,89,8,8,0,290,241,49,0,0,0,97,18,79,188,158,30,1286,1115,171,333,242,91
"522","06","013","359203",1781,86519,2291,1795,496,827,661,166,436,263,173,0,0,0,877,783,94,0,0,0,111,80,31,40,8,32,606,509,97,332,232,100
"523","06","013","359204",1431,116607,1487,1284,203,351,305,46,256,192,64,6,6,0,696,636,60,0,0,0,35,29,6,143,116,27,277,241,36,133,117,16
"524","06","013","360101",1562,82606,1654,1308,346,930,732,198,146,146,0,0,0,0,410,323,87,0,0,0,92,40,52,76,67,9,826,677,149,198,97,101
"525","06","013","360102",2458,114599,1489,1296,193,866,727,139,108,83,25,0,0,0,340,340,0,0,0,0,55,55,0,120,91,29,693,629,64,267,174,93
"526","06","013","360200",1351,68523,1744,1011,733,993,603,390,255,154,101,9,9,0,286,186,100,0,0,0,32,13,19,169,46,123,750,536,214,350,95,255
"527","06","013","361000",1221,69792,1739,1037,702,1042,704,338,215,119,96,0,0,0,276,152,124,31,13,18,73,0,73,102,49,53,776,542,234,335,174,161
"528","06","013","362000",1401,70716,1213,945,268,826,629,197,92,80,12,0,0,0,134,134,0,7,7,0,93,58,35,61,37,24,749,573,176,161,105,56
"529","06","013","363000",1508,74456,2729,1847,882,1433,1019,414,626,343,283,0,0,0,458,394,64,0,0,0,120,69,51,92,22,70,1098,813,285,528,307,221
"530","06","013","364002",1531,64145,1810,1130,680,875,678,197,317,76,241,15,9,6,272,190,82,0,0,0,154,98,56,177,79,98,637,481,156,418,307,111
"531","06","013","365002",1135,40900,1574,548,1026,634,167,467,448,130,318,8,8,0,164,111,53,0,0,0,243,132,111,77,0,77,97,35,62,809,272,537
"532","06","013","365003",1524,61976,2248,470,1778,805,100,705,788,208,580,0,0,0,318,162,156,0,0,0,77,0,77,260,0,260,504,59,445,446,41,405
"533","06","013","366001",1407,55196,1324,779,545,622,266,356,168,128,40,19,19,0,306,261,45,0,0,0,126,74,52,83,31,52,181,112,69,582,239,343
"534","06","013","366002",1215,55841,1685,606,1079,800,331,469,277,79,198,7,0,7,295,116,179,22,10,12,208,43,165,76,27,49,143,114,29,880,260,620
"535","06","013","367100",1070,55000,1944,1077,867,544,341,203,896,514,382,0,0,0,266,139,127,0,0,0,135,67,68,103,16,87,210,110,100,483,312,171
"536","06","013","367200",1096,46130,1737,772,965,744,294,450,333,146,187,0,0,0,363,242,121,14,0,14,182,62,120,101,28,73,352,190,162,627,166,461
"537","06","013","368001",1095,44817,1320,555,765,792,220,572,113,46,67,36,36,0,73,64,9,0,0,0,285,168,117,21,21,0,81,39,42,1055,385,670
"538","06","013","368002",1142,43966,948,362,586,474,207,267,104,23,81,11,0,11,91,51,40,10,0,10,237,81,156,21,0,21,149,84,65,569,204,365
"539","06","013","369001",1077,40000,2426,662,1764,973,294,679,547,94,453,0,0,0,556,207,349,0,0,0,288,56,232,62,11,51,477,261,216,783,89,694
"540","06","013","369002",1139,54487,980,518,462,590,343,247,202,53,149,18,0,18,92,79,13,0,0,0,61,33,28,17,10,7,340,248,92,298,122,176
"541","06","013","370000",1618,88274,1112,767,345,662,500,162,165,94,71,0,0,0,228,151,77,0,0,0,25,5,20,32,17,15,587,472,115,108,41,67
"542","06","013","371000",1322,72066,1965,1013,952,903,563,340,390,182,208,5,5,0,275,199,76,5,5,0,308,59,249,79,0,79,677,443,234,537,179,358
"543","06","013","372000",1218,49041,2235,1490,745,1308,799,509,177,91,86,0,0,0,320,303,17,0,0,0,339,243,96,91,54,37,649,515,134,1014,543,471
"544","06","013","373000",1273,50238,1112,688,424,482,321,161,219,117,102,30,0,30,154,107,47,0,0,0,206,137,69,21,6,15,63,52,11,655,429,226
"545","06","013","374000",1016,43795,1702,663,1039,684,404,280,500,72,428,10,10,0,142,111,31,0,0,0,270,31,239,96,35,61,468,305,163,480,148,332
"546","06","013","375000",1185,48688,1139,393,746,494,194,300,129,28,101,13,0,13,41,35,6,0,0,0,402,113,289,60,23,37,122,78,44,745,254,491
"547","06","013","376000",970,34958,1757,534,1223,588,151,437,625,166,459,0,0,0,124,17,107,15,0,15,362,166,196,43,34,9,131,11,120,824,311,513
"548","06","013","377000",995,30388,2177,740,1437,1004,421,583,565,90,475,0,0,0,157,79,78,9,0,9,401,109,292,41,41,0,354,245,109,1064,298,766
"549","06","013","378000",1350,78625,1699,992,707,1344,780,564,76,20,56,0,0,0,115,108,7,0,0,0,26,11,15,138,73,65,1214,713,501,164,86,78
"550","06","013","379000",1171,39071,1893,661,1232,372,37,335,852,377,475,0,0,0,24,0,24,0,0,0,558,214,344,87,33,54,49,13,36,891,238,653
"551","06","013","380000",1519,80545,2878,1434,1444,1327,688,639,732,359,373,10,0,10,496,314,182,28,12,16,235,61,174,50,0,50,1148,618,530,334,131,203
"552","06","013","381000",1215,46162,2028,748,1280,566,249,317,852,346,506,0,0,0,75,31,44,0,0,0,448,97,351,87,25,62,186,86,100,831,268,563
"553","06","013","382000",1109,34107,2724,959,1765,336,120,216,1517,595,922,0,0,0,400,196,204,62,15,47,326,33,293,83,0,83,189,99,90,571,70,501
"554","06","013","383000",1487,73344,1949,1102,847,968,643,325,247,77,170,8,8,0,486,340,146,0,0,0,50,0,50,190,34,156,906,618,288,149,25,124
"555","06","013","384000",1820,95986,1626,1371,255,1068,893,175,86,48,38,10,10,0,314,314,0,12,12,0,33,0,33,103,94,9,979,838,141,122,55,67
"556","06","013","385100",2532,142566,1121,996,125,793,674,119,31,31,0,7,7,0,253,253,0,0,0,0,0,0,0,37,31,6,741,642,99,76,56,20
"557","06","013","385200",2350,104135,527,407,120,328,264,64,20,20,0,6,0,6,162,123,39,0,0,0,11,0,11,0,0,0,312,259,53,27,5,22
"558","06","013","386000",1473,62227,1475,465,1010,624,208,416,212,61,151,8,8,0,438,188,250,16,0,16,123,0,123,54,0,54,555,208,347,207,8,199
"559","06","013","387000",1648,70379,1078,522,556,671,325,346,86,33,53,14,0,14,254,132,122,0,0,0,24,24,0,29,8,21,645,325,320,59,24,35
"560","06","013","388000",1660,86582,1090,543,547,724,414,310,31,21,10,0,0,0,299,108,191,0,0,0,0,0,0,36,0,36,623,364,259,118,50,68
"561","06","013","389100",1551,81563,859,338,521,559,218,341,35,19,16,4,0,4,229,96,133,0,0,0,20,5,15,12,0,12,413,202,211,166,21,145
"562","06","013","389200",1357,54048,720,54,666,297,24,273,83,10,73,8,0,8,257,15,242,4,0,4,50,5,45,21,0,21,264,24,240,99,5,94
"563","06","013","390100",2500,121979,915,773,142,658,565,93,48,24,24,0,0,0,177,157,20,0,0,0,0,0,0,32,27,5,625,537,88,37,32,5
"564","06","013","390200",2227,102788,735,644,91,566,502,64,16,16,0,0,0,0,131,119,12,0,0,0,13,4,9,9,3,6,543,484,59,32,18,14
"565","06","013","391000",1794,137336,1121,914,207,901,729,172,21,21,0,0,0,0,163,135,28,0,0,0,11,11,0,25,18,7,879,707,172,41,41,0
"566","06","013","392000",2450,150179,1165,1044,121,968,860,108,13,13,0,16,16,0,125,125,0,0,0,0,0,0,0,43,30,13,945,852,93,46,31,15
"567","06","013","392200",1714,74750,3205,1989,1216,1398,813,585,525,254,271,20,9,11,766,614,152,0,0,0,306,168,138,190,131,59,793,617,176,916,413,503
"568","06","013","392300",976,125875,888,690,198,162,136,26,134,92,42,0,0,0,533,450,83,0,0,0,13,6,7,46,6,40,92,84,8,93,52,41
"569","06","013","990000",-666666666,-666666666,0,0,0,0,0,0,0,0,0,0,0,0,0,0,0,0,0,0,0,0,0,0,0,0,0,0,0,0,0,0
"570","06","041","101100",2328,138140,1064,939,125,1011,886,125,0,0,0,0,0,0,53,53,0,0,0,0,0,0,0,0,0,0,994,869,125,17,17,0
"571","06","041","101200",2494,93088,1122,961,161,936,797,139,0,0,0,0,0,0,52,52,0,0,0,0,109,103,6,25,9,16,858,731,127,203,169,34
"572","06","041","102100",2000,103958,985,781,204,901,717,184,18,18,0,0,0,0,40,40,0,0,0,0,13,0,13,13,6,7,875,691,184,46,26,20
"573","06","041","102202",1813,98505,2235,1716,519,1833,1535,298,14,14,0,0,0,0,154,131,23,0,0,0,154,0,154,80,36,44,1640,1373,267,416,187,229
"574","06","041","102203",1658,64306,2188,779,1409,1493,594,899,97,12,85,0,0,0,139,81,58,0,0,0,295,41,254,164,51,113,1351,563,788,480,89,391
"575","06","041","103100",1767,112708,2881,2545,336,2684,2377,307,18,0,18,0,0,0,122,111,11,0,0,0,0,0,0,57,57,0,2620,2331,289,80,62,18
"576","06","041","103200",1672,81585,2774,1798,976,2285,1508,777,48,17,31,36,36,0,243,202,41,0,0,0,111,17,94,51,18,33,2163,1472,691,233,53,180
"577","06","041","104101",1998,90573,3146,2198,948,2759,1957,802,13,13,0,22,0,22,163,135,28,0,0,0,45,26,19,144,67,77,2447,1785,662,417,223,194
"578","06","041","104102",1696,67917,2147,954,1193,1479,767,712,64,64,0,21,0,21,254,26,228,0,0,0,281,75,206,48,22,26,1304,723,581,440,119,321
"579","06","041","104200",2084,92054,2528,1654,874,2281,1539,742,74,0,74,0,0,0,98,90,8,0,0,0,50,0,50,25,25,0,2223,1539,684,108,0,108
"580","06","041","104300",2786,90625,684,597,87,602,526,76,8,8,0,13,5,8,40,37,3,0,0,0,6,6,0,15,15,0,591,515,76,17,17,0
"581","06","041","105000",1371,59779,2685,1818,867,2154,1535,619,101,27,74,0,0,0,204,188,16,0,0,0,148,25,123,78,43,35,1853,1413,440,449,147,302
"582","06","041","106001",2155,59081,2118,884,1234,1631,773,858,116,0,116,0,0,0,206,65,141,0,0,0,91,11,80,74,35,39,1565,707,858,164,77,87
"583","06","041","106002",1695,86047,2127,1563,564,1649,1329,320,0,0,0,0,0,0,164,146,18,0,0,0,218,51,167,96,37,59,1566,1310,256,250,19,231
"584","06","041","107000",2347,119413,2393,2005,388,2163,1791,372,12,12,0,0,0,0,135,135,0,13,13,0,16,0,16,54,54,0,2024,1751,273,190,75,115
"585","06","041","108100",2563,110768,2739,2328,411,2423,2062,361,34,34,0,0,0,0,144,144,0,50,22,28,21,21,0,67,45,22,2341,1999,342,149,108,41
"586","06","041","108200",1430,82000,2878,1570,1308,2278,1382,896,30,0,30,40,40,0,287,124,163,0,0,0,160,8,152,83,16,67,2177,1318,859,289,100,189
"587","06","041","109001",1443,78750,1726,744,982,1305,668,637,51,0,51,0,0,0,86,29,57,0,0,0,229,0,229,55,47,8,1194,655,539,348,13,335
"588","06","041","109002",1505,101705,1803,1185,618,1687,1112,575,6,6,0,0,0,0,52,44,8,0,0,0,3,3,0,55,20,35,1602,1091,511,88,24,64
"589","06","041","110100",1409,91827,2358,1429,929,2066,1353,713,76,18,58,0,0,0,112,58,54,0,0,0,69,0,69,35,0,35,1954,1263,691,181,90,91
"590","06","041","110200",2676,156417,2163,1988,175,2020,1845,175,10,10,0,16,16,0,117,117,0,0,0,0,0,0,0,0,0,0,1982,1807,175,54,54,0
"591","06","041","111000",1575,77122,2743,819,1924,2192,787,1405,227,0,227,0,0,0,39,18,21,0,0,0,178,0,178,107,14,93,2046,773,1273,324,14,310
"592","06","041","112100",1489,68667,1850,965,885,1411,847,564,35,15,20,0,0,0,89,36,53,0,0,0,255,33,222,60,34,26,1253,815,438,449,91,358
"593","06","041","112201",1512,32452,1680,114,1566,530,63,467,55,8,47,20,0,20,71,28,43,0,0,0,980,15,965,24,0,24,150,63,87,1442,20,1422
"594","06","041","112202",1684,66568,1267,542,725,588,445,143,25,5,20,0,0,0,185,59,126,0,0,0,432,29,403,37,4,33,443,386,57,589,74,515
"595","06","041","113000",1679,87038,1593,1153,440,1565,1125,440,0,0,0,0,0,0,0,0,0,0,0,0,0,0,0,28,28,0,1488,1058,430,77,67,10
"596","06","041","114100",1875,119044,2211,1617,594,2046,1558,488,19,19,0,12,0,12,26,26,0,0,0,0,0,0,0,108,14,94,1991,1503,488,67,55,12
"597","06","041","114200",1563,79091,1376,856,520,1283,829,454,14,14,0,7,0,7,48,7,41,0,0,0,0,0,0,24,6,18,1206,809,397,102,20,82
"598","06","041","115000",1813,130921,2796,2441,355,2663,2360,303,23,0,23,0,0,0,80,65,15,0,0,0,0,0,0,30,16,14,2617,2314,303,62,62,0
"599","06","041","116000",1921,120638,1277,866,411,1197,851,346,0,0,0,25,0,25,24,15,9,0,0,0,0,0,0,31,0,31,1153,827,326,44,24,20
"600","06","041","117000",1519,96607,2048,1361,687,1971,1331,640,19,0,19,18,0,18,23,13,10,0,0,0,0,0,0,17,17,0,1956,1316,640,15,15,0
"601","06","041","118100",2266,210000,772,693,79,721,642,79,14,14,0,0,0,0,26,26,0,0,0,0,4,4,0,7,7,0,706,627,79,19,19,0
"602","06","041","119100",1500,167917,1987,1437,550,1910,1376,534,0,0,0,8,0,8,35,35,0,0,0,0,8,8,0,26,18,8,1872,1338,534,46,38,8
"603","06","041","119201",1795,79177,1888,568,1320,1635,535,1100,17,11,6,0,0,0,145,22,123,0,0,0,63,0,63,28,0,28,1529,521,1008,177,14,163
"604","06","041","119202",3384,174183,1221,1096,125,1126,1013,113,27,27,0,0,0,0,68,56,12,0,0,0,0,0,0,0,0,0,1048,935,113,78,78,0
"605","06","041","120000",1823,104074,2838,1663,1175,2652,1555,1097,34,0,34,0,0,0,125,81,44,0,0,0,0,0,0,27,27,0,2557,1555,1002,114,19,95
"606","06","041","121100",1938,126127,2100,1337,763,1877,1265,612,26,0,26,0,0,0,100,55,45,0,0,0,97,17,80,0,0,0,1785,1237,548,140,28,112
"607","06","041","121200",2259,91792,2445,1407,1038,2136,1285,851,24,0,24,0,0,0,136,89,47,0,0,0,13,0,13,136,33,103,2088,1267,821,61,18,43
"608","06","041","122000",-666666666,-666666666,0,0,0,0,0,0,0,0,0,0,0,0,0,0,0,0,0,0,0,0,0,0,0,0,0,0,0,0,0,0
"609","06","041","123000",2408,177232,919,743,176,878,702,176,0,0,0,0,0,0,32,32,0,0,0,0,0,0,0,9,9,0,853,688,165,25,14,11
"610","06","041","124100",2040,139079,2214,1343,871,2034,1280,754,0,0,0,0,0,0,86,63,23,0,0,0,44,0,44,50,0,50,1840,1191,649,194,89,105
"611","06","041","124200",2421,151765,2550,1706,844,2405,1678,727,22,0,22,0,0,0,85,19,66,0,0,0,15,0,15,23,9,14,2281,1655,626,153,23,130
"612","06","041","125000",1585,97125,2025,898,1127,1604,759,845,22,0,22,0,0,0,277,103,174,48,0,48,26,13,13,48,23,25,1492,692,800,164,80,84
"613","06","041","126100",2444,170591,2272,1658,614,2163,1604,559,0,0,0,0,0,0,35,22,13,0,0,0,0,0,0,74,32,42,2119,1591,528,86,13,73
"614","06","041","126200",1738,104444,1952,1135,817,1752,1073,679,23,0,23,19,0,19,64,15,49,0,0,0,30,0,30,64,47,17,1652,999,653,174,104,70
"615","06","041","127000",1911,149080,2107,1519,588,1965,1442,523,0,0,0,0,0,0,75,58,17,0,0,0,0,0,0,67,19,48,1769,1336,433,196,106,90
"616","06","041","128100",2657,137703,2737,2024,713,2395,1769,626,17,0,17,0,0,0,123,103,20,0,0,0,12,12,0,190,140,50,2369,1755,614,94,82,12
"617","06","041","128200",2142,143125,1858,1423,435,1715,1341,374,15,0,15,0,0,0,128,82,46,0,0,0,0,0,0,0,0,0,1686,1312,374,29,29,0
"618","06","041","129000",1391,36550,1075,185,890,445,60,385,291,81,210,0,0,0,123,5,118,6,6,0,142,0,142,68,33,35,320,45,275,228,15,213
"619","06","041","130201",2474,133571,1944,998,946,1840,940,900,8,8,0,9,0,9,67,40,27,10,0,10,0,0,0,10,10,0,1740,892,848,109,48,61
"620","06","041","130202",1887,107054,2427,1248,1179,2241,1165,1076,104,14,90,0,0,0,69,69,0,0,0,0,13,0,13,0,0,0,2223,1147,1076,31,18,13
"621","06","041","131100",1775,122750,407,270,137,384,247,137,0,0,0,0,0,0,10,10,0,0,0,0,0,0,0,13,13,0,384,247,137,0,0,0
"622","06","041","132100",1874,85156,868,564,304,809,526,283,6,6,0,0,0,0,19,13,6,0,0,0,0,0,0,34,19,15,803,526,277,10,0,10
"623","06","041","132200",1272,57308,860,371,489,789,366,423,10,0,10,0,0,0,14,0,14,0,0,0,47,5,42,0,0,0,761,366,395,57,0,57
"624","06","041","133000",1195,61696,1349,744,605,1205,709,496,0,0,0,0,0,0,32,32,0,0,0,0,92,0,92,20,3,17,1158,697,461,131,12,119
"625","06","041","990100",-666666666,-666666666,0,0,0,0,0,0,0,0,0,0,0,0,0,0,0,0,0,0,0,0,0,0,0,0,0,0,0,0,0,0
"626","06","055","200201",1301,68362,1308,644,664,1189,626,563,0,0,0,0,0,0,8,8,0,0,0,0,111,10,101,0,0,0,903,596,307,397,40,357
"627","06","055","200202",1078,52620,1243,311,932,1063,290,773,12,0,12,0,0,0,9,9,0,0,0,0,113,0,113,46,12,34,806,283,523,370,7,363
"628","06","055","200203",1124,58808,851,339,512,731,306,425,21,0,21,11,0,11,0,0,0,0,0,0,67,33,34,21,0,21,548,255,293,271,84,187
"629","06","055","200301",1341,58023,1730,809,921,1387,737,650,8,8,0,23,0,23,26,13,13,10,0,10,239,24,215,37,27,10,1119,672,447,560,109,451
"630","06","055","200302",1726,83293,936,691,245,711,559,152,7,7,0,9,9,0,45,38,7,0,0,0,107,21,86,57,57,0,625,495,130,251,143,108
"631","06","055","200400",1730,95128,1552,899,653,1395,842,553,0,0,0,0,0,0,29,4,25,0,0,0,87,12,75,41,41,0,1291,820,471,191,34,157
"632","06","055","200501",1391,57149,1651,812,839,1299,604,695,7,7,0,17,10,7,0,0,0,0,0,0,290,157,133,38,34,4,920,489,431,707,306,401
"633","06","055","200503",1234,61964,678,173,505,584,154,430,0,0,0,19,19,0,5,0,5,0,0,0,70,0,70,0,0,0,419,126,293,246,39,207
"634","06","055","200504",1458,70619,2167,977,1190,1766,891,875,37,0,37,79,0,79,95,34,61,0,0,0,151,34,117,39,18,21,1338,731,607,661,194,467
"635","06","055","200505",1642,67073,1058,244,814,797,231,566,5,0,5,0,0,0,74,5,69,0,0,0,157,0,157,25,8,17,605,181,424,350,55,295
"636","06","055","200601",2079,88673,1596,1121,475,1254,929,325,0,0,0,0,0,0,50,35,15,0,0,0,242,146,96,50,11,39,1036,762,274,451,313,138
"637","06","055","200602",1385,67664,1767,1071,696,1536,947,589,12,0,12,0,0,0,87,87,0,0,0,0,108,37,71,24,0,24,1331,880,451,328,104,224
"638","06","055","200703",2293,105795,1057,976,81,1029,955,74,0,0,0,0,0,0,21,14,7,0,0,0,0,0,0,7,7,0,976,909,67,53,46,7
"639","06","055","200704",1333,56887,1643,907,736,1301,747,554,8,0,8,9,0,9,46,0,46,0,0,0,240,135,105,39,25,14,1066,642,424,499,255,244
"640","06","055","200705",1485,74250,962,492,470,832,477,355,0,0,0,15,0,15,14,10,4,0,0,0,89,5,84,12,0,12,674,440,234,258,42,216
"641","06","055","200706",2451,105642,1137,953,184,943,807,136,0,0,0,19,19,0,42,32,10,0,0,0,110,85,25,23,10,13,849,734,115,204,158,46
"642","06","055","200707",1663,73293,1287,657,630,1148,588,560,8,8,0,14,0,14,34,0,34,0,0,0,75,53,22,8,8,0,967,518,449,270,123,147
"643","06","055","200802",1579,70675,2199,961,1238,1901,872,1029,21,21,0,98,16,82,63,52,11,0,0,0,58,0,58,58,0,58,1662,780,882,384,108,276
"644","06","055","200803",926,81838,849,617,232,781,606,175,11,11,0,0,0,0,0,0,0,0,0,0,57,0,57,0,0,0,693,579,114,145,27,118
"645","06","055","200804",1333,64161,1703,863,840,1102,663,439,16,0,16,0,0,0,0,0,0,0,0,0,508,140,368,77,60,17,751,466,285,885,346,539
"646","06","055","200900",-666666666,-666666666,45,0,45,12,0,12,7,0,7,0,0,0,6,0,6,0,0,0,20,0,20,0,0,0,12,0,12,20,0,20
"647","06","055","201003",1218,98906,1440,984,456,627,449,178,122,16,106,0,0,0,520,423,97,0,0,0,152,77,75,19,19,0,505,371,134,281,162,119
"648","06","055","201004",1429,71165,1959,1616,343,936,826,110,191,149,42,0,0,0,644,530,114,0,0,0,107,70,37,81,41,40,666,584,82,408,343,65
"649","06","055","201005",2058,95179,636,544,92,387,316,71,26,26,0,0,0,0,144,142,2,0,0,0,45,45,0,34,15,19,302,236,66,141,136,5
"650","06","055","201006",1693,75000,912,691,221,580,444,136,39,35,4,5,5,0,172,157,15,19,8,11,97,42,55,0,0,0,420,335,85,257,151,106
"651","06","055","201007",1858,89474,1090,843,247,586,479,107,64,23,41,32,0,32,288,239,49,8,0,8,79,69,10,33,33,0,378,344,34,294,211,83
"652","06","055","201101",2658,132500,794,715,79,714,648,66,13,0,13,7,7,0,31,31,0,0,0,0,29,29,0,0,0,0,689,623,66,54,54,0
"653","06","055","201102",1125,96250,756,540,216,731,515,216,0,0,0,0,0,0,14,14,0,0,0,0,6,6,0,5,5,0,697,508,189,34,7,27
"654","06","055","201200",1253,59024,1968,1634,334,1796,1509,287,0,0,0,0,0,0,64,28,36,0,0,0,57,46,11,51,51,0,1437,1276,161,416,279,137
"655","06","055","201300",2100,72194,1372,936,436,1253,865,388,31,0,31,0,0,0,36,30,6,0,0,0,29,29,0,23,12,11,1167,816,351,127,90,37
"656","06","055","201401",2762,129028,1257,1060,197,1183,1026,157,12,12,0,0,0,0,0,0,0,0,0,0,12,12,0,50,10,40,1171,1014,157,24,24,0
"657","06","055","201402",2275,135357,1190,1034,156,1080,959,121,0,0,0,0,0,0,16,16,0,0,0,0,74,39,35,20,20,0,1070,949,121,84,49,35
"658","06","055","201403",1578,77813,264,190,74,246,187,59,0,0,0,7,0,7,3,3,0,0,0,0,8,0,8,0,0,0,212,172,40,49,15,34
"659","06","055","201500",1875,90208,798,566,232,688,517,171,0,0,0,0,0,0,11,11,0,0,0,0,99,38,61,0,0,0,602,493,109,180,57,123
"660","06","055","201601",1566,60500,1016,460,556,888,433,455,0,0,0,0,0,0,43,6,37,0,0,0,70,15,55,15,6,9,667,371,296,291,77,214
"661","06","055","201602",1420,98333,1520,1017,503,1399,950,449,22,22,0,0,0,0,0,0,0,0,0,0,42,0,42,57,45,12,1250,924,326,191,26,165
"662","06","055","201700",1346,72308,1698,946,752,1425,871,554,40,11,29,5,5,0,71,30,41,5,5,0,108,5,103,44,19,25,1272,807,465,264,68,196
"663","06","055","201800",1111,64432,741,597,144,687,557,130,17,17,0,6,0,6,2,2,0,0,0,0,19,11,8,10,10,0,626,515,111,80,53,27
"664","06","055","201900",1228,85000,538,339,199,479,326,153,4,4,0,0,0,0,0,0,0,0,0,0,39,0,39,16,9,7,436,295,141,89,38,51
"665","06","055","202000",1153,60534,2007,1182,825,1791,1114,677,0,0,0,51,0,51,40,11,29,0,0,0,125,57,68,0,0,0,1314,869,445,641,290,351
"666","06","075","010100",1653,59519,2059,214,1845,1213,157,1056,81,0,81,0,0,0,619,57,562,0,0,0,90,0,90,56,0,56,1120,157,963,197,0,197
"667","06","075","010200",2249,110536,2547,843,1704,2175,724,1451,0,0,0,0,0,0,217,105,112,0,0,0,78,0,78,77,14,63,2137,724,1413,116,0,116
"668","06","075","010300",1893,99120,2034,534,1500,1435,341,1094,0,0,0,0,0,0,506,178,328,0,0,0,0,0,0,93,15,78,1340,300,1040,120,41,79
"669","06","075","010400",2229,102986,2501,858,1643,1662,632,1030,0,0,0,5,0,5,596,193,403,0,0,0,69,0,69,169,33,136,1555,632,923,275,0,275
"670","06","075","010500",2326,119750,1614,336,1278,1068,276,792,46,0,46,0,0,0,380,28,352,12,0,12,0,0,0,108,32,76,983,242,741,98,47,51
"671","06","075","010600",995,36949,1812,229,1583,878,46,832,8,0,8,0,0,0,862,174,688,0,0,0,49,0,49,15,9,6,841,36,805,94,10,84
"672","06","075","010700",628,22425,2496,210,2286,574,60,514,0,0,0,21,0,21,1866,150,1716,0,0,0,35,0,35,0,0,0,535,45,490,74,15,59
"673","06","075","010800",1509,94875,2425,422,2003,1315,166,1149,0,0,0,0,0,0,935,232,703,0,0,0,87,12,75,88,12,76,1206,149,1057,229,29,200
"674","06","075","010900",2066,117181,2717,600,2117,1996,394,1602,58,18,40,0,0,0,618,188,430,0,0,0,25,0,25,20,0,20,1974,394,1580,47,0,47
"675","06","075","011000",1598,115100,2624,488,2136,1435,282,1153,58,15,43,0,0,0,1057,176,881,0,0,0,19,0,19,55,15,40,1265,185,1080,189,97,92
"676","06","075","011100",1419,84442,3073,289,2784,1972,203,1769,154,0,154,0,0,0,822,86,736,0,0,0,21,0,21,104,0,104,1845,181,1664,183,22,161
"677","06","075","011200",1615,100139,1916,576,1340,1251,473,778,87,0,87,0,0,0,525,103,422,0,0,0,9,0,9,44,0,44,1174,437,737,100,36,64
"678","06","075","011300",907,24426,1534,172,1362,339,81,258,45,0,45,15,0,15,1072,91,981,0,0,0,0,0,0,63,0,63,339,81,258,15,0,15
"679","06","075","011700",1043,50223,1061,48,1013,512,26,486,73,0,73,0,0,0,384,22,362,0,0,0,76,0,76,16,0,16,398,26,372,201,0,201
"680","06","075","011800",622,20800,708,5,703,91,0,91,0,0,0,6,0,6,587,5,582,0,0,0,7,0,7,17,0,17,78,0,78,32,0,32
"681","06","075","011901",1627,72364,1488,454,1034,996,320,676,28,0,28,27,0,27,393,134,259,0,0,0,28,0,28,16,0,16,915,299,616,136,21,115
"682","06","075","011902",1498,74077,1835,110,1725,1107,52,1055,39,0,39,0,0,0,520,48,472,0,0,0,106,10,96,63,0,63,974,39,935,239,23,216
"683","06","075","012000",1198,37219,2594,66,2528,1349,45,1304,202,0,202,0,0,0,720,21,699,0,0,0,74,0,74,249,0,249,1224,28,1196,224,17,207
"684","06","075","012100",1448,53595,2133,132,2001,1322,132,1190,29,0,29,27,0,27,577,0,577,0,0,0,60,0,60,118,0,118,1078,132,946,340,0,340
"685","06","075","012201",1342,43698,2937,137,2800,1580,100,1480,373,0,373,0,0,0,486,37,449,0,0,0,280,0,280,218,0,218,1314,100,1214,568,0,568
"686","06","075","012202",988,31202,1563,71,1492,791,49,742,162,0,162,19,0,19,392,22,370,0,0,0,145,0,145,54,0,54,695,49,646,274,0,274
"687","06","075","012301",704,15272,1340,8,1332,661,0,661,152,0,152,9,0,9,383,8,375,0,0,0,115,0,115,20,0,20,473,0,473,325,0,325
"688","06","075","012302",1426,39081,1906,10,1896,1005,0,1005,123,0,123,0,0,0,622,10,612,0,0,0,78,0,78,78,0,78,851,0,851,260,0,260
"689","06","075","012401",832,18979,2664,0,2664,1100,0,1100,271,0,271,18,0,18,730,0,730,44,0,44,384,0,384,117,0,117,900,0,900,649,0,649
"690","06","075","012402",1019,40453,2326,152,2174,1213,35,1178,207,0,207,0,0,0,702,117,585,25,0,25,118,0,118,61,0,61,890,35,855,439,0,439
"691","06","075","012501",592,19328,2179,62,2117,995,13,982,416,0,416,11,0,11,614,49,565,0,0,0,143,0,143,0,0,0,802,13,789,336,0,336
"692","06","075","012502",350,11971,2201,21,2180,701,21,680,263,0,263,31,0,31,1018,0,1018,0,0,0,139,0,139,49,0,49,516,0,516,290,21,269
"693","06","075","012601",1930,125139,1518,257,1261,1306,233,1073,28,0,28,0,0,0,127,24,103,0,0,0,0,0,0,57,0,57,1123,198,925,240,35,205
"694","06","075","012602",2096,122212,1672,313,1359,1373,240,1133,14,0,14,0,0,0,216,50,166,0,0,0,10,0,10,59,23,36,1318,240,1078,65,0,65
"695","06","075","012700",2193,131568,2187,584,1603,1943,492,1451,11,11,0,0,0,0,117,46,71,21,21,0,0,0,0,95,14,81,1866,434,1432,98,79,19
"696","06","075","012800",2278,126716,2371,761,1610,2084,628,1456,0,0,0,0,0,0,178,85,93,0,0,0,43,14,29,66,34,32,1945,571,1374,187,71,116
"697","06","075","012901",1793,142500,1512,364,1148,1278,328,950,0,0,0,23,0,23,121,36,85,0,0,0,0,0,0,90,0,90,1212,328,884,77,0,77
"698","06","075","012902",1908,119007,2057,446,1611,1688,323,1365,22,0,22,0,0,0,311,123,188,0,0,0,10,0,10,26,0,26,1528,311,1217,172,12,160
"699","06","075","013000",2102,151477,2562,637,1925,2091,564,1527,0,0,0,8,0,8,308,73,235,0,0,0,39,0,39,116,0,116,2054,564,1490,91,0,91
"700","06","075","013101",2291,124063,2555,459,2096,2105,413,1692,91,0,91,0,0,0,223,28,195,0,0,0,30,0,30,106,18,88,1955,377,1578,203,36,167
"701","06","075","013102",2377,124330,1641,373,1268,1321,290,1031,20,9,11,0,0,0,251,74,177,13,0,13,12,0,12,24,0,24,1224,277,947,131,13,118
"702","06","075","013200",2335,131806,2229,789,1440,1792,673,1119,0,0,0,0,0,0,418,116,302,0,0,0,0,0,0,19,0,19,1731,673,1058,61,0,61
"703","06","075","013300",1912,141019,1892,884,1008,1583,749,834,19,14,5,0,0,0,238,121,117,0,0,0,0,0,0,52,0,52,1470,696,774,113,53,60
"704","06","075","013400",2229,136700,2032,668,1364,1707,521,1186,28,11,17,0,0,0,199,109,90,0,0,0,39,0,39,59,27,32,1616,502,1114,130,19,111
"705","06","075","013500",1727,120714,1604,356,1248,1161,269,892,78,9,69,10,0,10,272,78,194,0,0,0,25,0,25,58,0,58,1108,239,869,73,30,43
"706","06","075","015100",1882,83750,1488,422,1066,965,264,701,0,0,0,0,0,0,437,158,279,0,0,0,54,0,54,32,0,32,926,264,662,111,18,93
"707","06","075","015200",1653,89440,2431,525,1906,1556,266,1290,155,36,119,0,0,0,668,209,459,0,0,0,0,0,0,52,14,38,1438,212,1226,133,69,64
"708","06","075","015300",2155,111250,950,304,646,692,215,477,68,20,48,0,0,0,127,54,73,21,0,21,24,5,19,18,10,8,666,208,458,38,12,26
"709","06","075","015400",2085,118674,2941,856,2085,2066,566,1500,68,33,35,0,0,0,648,257,391,88,0,88,51,0,51,20,0,20,1928,566,1362,201,0,201
"710","06","075","015500",1333,55313,2280,318,1962,1210,214,996,90,0,90,0,0,0,895,104,791,0,0,0,58,0,58,27,0,27,1071,199,872,197,15,182
"711","06","075","015600",1674,85625,1462,310,1152,832,169,663,20,0,20,0,0,0,507,141,366,0,0,0,7,0,7,96,0,96,776,169,607,71,0,71
"712","06","075","015700",2058,102152,2677,771,1906,1704,385,1319,49,14,35,0,0,0,774,340,434,44,0,44,55,32,23,51,0,51,1613,369,1244,164,48,116
"713","06","075","015801",1109,66698,1727,490,1237,696,304,392,618,51,567,0,0,0,291,89,202,0,0,0,32,0,32,90,46,44,654,282,372,74,22,52
"714","06","075","015802",1401,107143,1564,335,1229,1182,288,894,140,21,119,17,0,17,97,15,82,0,0,0,95,11,84,33,0,33,1116,269,847,184,30,154
"715","06","075","015900",1714,52479,2116,470,1646,910,165,745,315,39,276,21,0,21,786,266,520,25,0,25,47,0,47,12,0,12,891,165,726,121,0,121
"716","06","075","016000",1270,62719,1737,473,1264,963,319,644,156,16,140,0,0,0,479,138,341,0,0,0,21,0,21,118,0,118,901,299,602,169,20,149
"717","06","075","016100",758,23840,2602,187,2415,830,26,804,1058,25,1033,0,0,0,613,125,488,0,0,0,37,0,37,64,11,53,798,26,772,69,0,69
"718","06","075","016200",1479,80651,1784,232,1552,1244,161,1083,88,15,73,0,0,0,307,47,260,0,0,0,75,0,75,70,9,61,1152,161,991,139,0,139
"719","06","075","016300",1663,116928,2037,465,1572,1249,386,863,341,15,326,0,0,0,259,47,212,0,0,0,29,0,29,159,17,142,1110,372,738,185,31,154
"720","06","075","016400",1901,107254,1874,385,1489,1521,282,1239,167,81,86,0,0,0,81,22,59,0,0,0,14,0,14,91,0,91,1437,282,1155,112,0,112
"721","06","075","016500",1681,104097,2383,584,1799,1743,453,1290,198,76,122,11,0,11,123,55,68,0,0,0,212,0,212,96,0,96,1617,402,1215,338,51,287
"722","06","075","016600",1781,118167,2494,453,2041,1900,388,1512,52,0,52,14,0,14,383,65,318,0,0,0,14,0,14,131,0,131,1738,388,1350,162,0,162
"723","06","075","016700",1861,147237,2422,712,1710,1974,578,1396,79,38,41,0,0,0,208,79,129,0,0,0,45,0,45,116,17,99,1768,528,1240,268,50,218
"724","06","075","016801",1638,88929,1602,324,1278,1319,294,1025,117,11,106,0,0,0,89,9,80,0,0,0,0,0,0,77,10,67,1223,259,964,110,35,75
"725","06","075","016802",1348,79167,1794,357,1437,1116,250,866,128,9,119,52,0,52,339,98,241,0,0,0,124,0,124,35,0,35,1024,250,774,224,0,224
"726","06","075","016900",1666,102218,1532,420,1112,1197,296,901,81,7,74,0,0,0,226,96,130,0,0,0,12,12,0,16,9,7,1125,287,838,84,21,63
"727","06","075","017000",2130,140152,2165,1199,966,1858,1063,795,0,0,0,0,0,0,246,95,151,0,0,0,0,0,0,61,41,20,1774,1045,729,120,34,86
"728","06","075","017101",1962,127065,1776,689,1087,1607,631,976,37,9,28,0,0,0,102,49,53,0,0,0,22,0,22,8,0,8,1570,610,960,59,21,38
"729","06","075","017102",2157,133079,1671,634,1037,1331,498,833,7,7,0,0,0,0,171,69,102,0,0,0,0,0,0,162,60,102,1293,491,802,124,19,105
"730","06","075","017601",824,21154,4430,334,4096,1921,190,1731,650,0,650,0,0,0,1282,122,1160,0,0,0,284,0,284,293,22,271,1644,168,1476,537,22,515
"731","06","075","017700",1653,93056,758,119,639,479,88,391,10,0,10,22,0,22,97,25,72,0,0,0,101,6,95,49,0,49,446,88,358,146,6,140
"732","06","075","017801",296,17113,2242,398,1844,697,249,448,136,15,121,0,0,0,1391,134,1257,0,0,0,18,0,18,0,0,0,672,249,423,58,15,43
"733","06","075","017802",1141,69833,2286,545,1741,1173,319,854,292,27,265,0,0,0,534,169,365,0,0,0,184,0,184,103,30,73,1010,293,717,316,26,290
"734","06","075","017902",1856,49271,602,0,602,211,0,211,130,0,130,21,0,21,86,0,86,0,0,0,120,0,120,34,0,34,173,0,173,193,0,193
"735","06","075","018000",2591,156897,1314,573,741,749,257,492,74,5,69,9,0,9,362,264,98,8,0,8,11,11,0,101,36,65,689,247,442,80,21,59
"736","06","075","020100",1009,43933,3115,566,2549,1598,325,1273,218,12,206,21,0,21,411,141,270,63,10,53,558,53,505,246,25,221,1015,272,743,1308,116,1192
"737","06","075","020200",1359,58838,3189,560,2629,2082,370,1712,76,0,76,16,0,16,571,156,415,0,0,0,201,0,201,243,34,209,1825,332,1493,455,38,417
"738","06","075","020300",1698,108750,1738,465,1273,1312,344,968,21,0,21,0,0,0,238,85,153,0,0,0,102,26,76,65,10,55,1159,321,838,223,49,174
"739","06","075","020401",2149,149886,1595,900,695,1253,692,561,9,9,0,11,11,0,256,148,108,0,0,0,9,9,0,57,31,26,1198,662,536,76,51,25
"740","06","075","020402",1895,93479,2501,608,1893,1889,516,1373,31,0,31,0,0,0,311,92,219,0,0,0,144,0,144,126,0,126,1705,419,1286,369,97,272
"741","06","075","020500",1939,126971,1401,533,868,1169,460,709,32,0,32,0,0,0,127,62,65,0,0,0,24,0,24,49,11,38,1130,460,670,73,0,73
"742","06","075","020600",1915,136761,2729,1106,1623,2169,949,1220,69,0,69,0,0,0,323,36,287,27,27,0,0,0,0,141,94,47,2052,893,1159,134,73,61
"743","06","075","020700",2093,150670,2656,668,1988,1880,458,1422,40,23,17,24,0,24,434,129,305,0,0,0,157,18,139,121,40,81,1769,458,1311,329,55,274
"744","06","075","020800",1246,72632,2846,453,2393,1510,278,1232,49,0,49,89,7,82,589,113,476,0,0,0,521,39,482,88,16,72,951,242,709,1113,75,1038
"745","06","075","020900",1358,59896,1894,266,1628,1122,180,942,8,8,0,24,0,24,301,60,241,0,0,0,338,18,320,101,0,101,751,137,614,741,61,680
"746","06","075","021000",1572,98260,2165,480,1685,1531,444,1087,24,0,24,0,0,0,228,0,228,0,0,0,258,0,258,124,36,88,1325,375,950,562,79,483
"747","06","075","021100",2262,136780,1919,859,1060,1619,739,880,24,6,18,0,0,0,182,91,91,0,0,0,41,17,24,53,6,47,1505,716,789,174,40,134
"748","06","075","021200",2103,144886,1421,854,567,1248,767,481,0,0,0,0,0,0,108,44,64,0,0,0,11,11,0,54,32,22,1200,744,456,71,46,25
"749","06","075","021300",1882,167708,1227,716,511,1013,579,434,0,0,0,0,0,0,140,83,57,0,0,0,19,11,8,55,43,12,979,564,415,53,26,27
"750","06","075","021400",2669,143846,1666,877,789,1393,700,693,8,0,8,11,11,0,221,155,66,9,0,9,11,11,0,13,0,13,1257,646,611,158,76,82
"751","06","075","021500",1784,113819,2580,1122,1458,2136,890,1246,39,21,18,0,0,0,300,146,154,22,0,22,57,57,0,26,8,18,2049,859,1190,162,88,74
"752","06","075","021600",2522,135395,2171,1360,811,1258,825,433,228,73,155,15,15,0,481,313,168,0,0,0,105,50,55,84,84,0,1215,787,428,128,68,60
"753","06","075","021700",1359,104698,1839,1234,605,1099,866,233,145,30,115,8,8,0,368,282,86,0,0,0,163,37,126,56,11,45,1014,823,191,248,80,168
"754","06","075","021800",1879,131012,1867,1137,730,1554,959,595,30,11,19,0,0,0,192,112,80,0,0,0,63,35,28,28,20,8,1452,905,547,181,97,84
"755","06","075","022600",3095,205865,949,475,474,682,347,335,41,6,35,0,0,0,214,110,104,0,0,0,0,0,0,12,12,0,633,319,314,54,28,26
"756","06","075","022702",2223,165551,1003,334,669,795,281,514,37,5,32,0,0,0,121,41,80,0,0,0,27,0,27,23,7,16,749,263,486,73,18,55
"757","06","075","022704",2289,150938,1636,936,700,1277,719,558,16,7,9,0,0,0,260,163,97,0,0,0,17,5,12,66,42,24,1223,672,551,80,47,33
"758","06","075","022801",1765,117188,1947,789,1158,1153,469,684,48,20,28,0,0,0,318,182,136,0,0,0,355,81,274,73,37,36,966,405,561,524,120,404
"759","06","075","022802",1300,58772,672,145,527,368,91,277,17,5,12,0,0,0,87,7,80,0,0,0,153,25,128,47,17,30,216,86,130,317,35,282
"760","06","075","022803",1616,99375,1570,589,981,957,368,589,26,0,26,22,0,22,270,117,153,0,0,0,272,95,177,23,9,14,754,303,451,543,188,355
"761","06","075","022901",1641,69013,1540,302,1238,859,236,623,88,0,88,21,0,21,97,14,83,0,0,0,390,52,338,85,0,85,567,189,378,747,99,648
"762","06","075","022902",1938,113750,832,316,516,588,251,337,9,2,7,0,0,0,52,29,23,9,9,0,141,18,123,33,7,26,426,179,247,313,90,223
"763","06","075","022903",1651,80972,1157,487,670,624,264,360,21,0,21,0,0,0,121,68,53,0,0,0,291,104,187,100,51,49,439,215,224,508,192,316
"764","06","075","023001",1198,64583,1333,990,343,187,123,64,221,154,67,0,0,0,856,660,196,0,0,0,22,12,10,47,41,6,145,93,52,90,58,32
"765","06","075","023003",2076,76528,1190,963,227,218,177,41,385,281,104,0,0,0,493,457,36,0,0,0,44,34,10,50,14,36,147,137,10,208,131,77
"766","06","075","023102",693,35951,1567,543,1024,134,113,21,979,275,704,0,0,0,157,96,61,72,27,45,95,0,95,130,32,98,110,102,8,164,11,153
"767","06","075","023103",606,22697,1045,121,924,80,39,41,611,43,568,0,0,0,74,19,55,117,0,117,83,8,75,80,12,68,80,39,41,118,8,110
"768","06","075","023200",1176,49583,1253,706,547,242,164,78,610,324,286,9,9,0,130,90,40,0,0,0,200,101,99,62,18,44,127,96,31,384,188,196
"769","06","075","023300",819,54566,949,566,383,173,122,51,118,43,75,0,0,0,556,379,177,0,0,0,86,22,64,16,0,16,87,78,9,172,66,106
"770","06","075","023400",519,39750,861,422,439,89,64,25,256,135,121,0,0,0,203,100,103,92,9,83,158,99,59,63,15,48,65,53,12,174,97,77
"771","06","075","025100",1706,103700,1400,1004,396,1008,682,326,92,74,18,7,7,0,188,148,40,0,0,0,58,46,12,47,47,0,863,599,264,237,143,94
"772","06","075","025200",1809,130099,2117,1224,893,1792,976,816,48,16,32,0,0,0,200,185,15,0,0,0,77,47,30,0,0,0,1559,882,677,310,141,169
"773","06","075","025300",1604,104545,1734,722,1012,1156,581,575,20,20,0,0,0,0,197,62,135,0,0,0,291,36,255,70,23,47,1042,526,516,411,114,297
"774","06","075","025401",1604,110313,1307,567,740,810,413,397,77,0,77,0,0,0,132,55,77,0,0,0,251,90,161,37,9,28,708,386,322,398,92,306
"775","06","075","025402",2356,123313,1117,838,279,798,551,247,30,30,0,0,0,0,203,194,9,0,0,0,65,54,11,21,9,12,680,484,196,183,121,62
"776","06","075","025403",1323,88262,1447,825,622,676,413,263,151,60,91,8,8,0,300,222,78,0,0,0,259,85,174,53,37,16,507,350,157,459,179,280
"777","06","075","025500",1928,103275,2741,1946,795,1204,911,293,14,14,0,0,0,0,936,714,222,0,0,0,523,291,232,64,16,48,870,589,281,876,596,280
"778","06","075","025600",1152,73730,1598,1117,481,577,416,161,26,8,18,18,9,9,770,588,182,0,0,0,123,63,60,84,33,51,449,299,150,303,192,111
"779","06","075","025701",2002,80565,1475,1071,404,407,259,148,64,33,31,10,0,10,802,644,158,0,0,0,181,124,57,11,11,0,347,232,115,251,151,100
"780","06","075","025702",1647,59926,1217,604,613,218,91,127,35,6,29,8,0,8,730,478,252,0,0,0,226,29,197,0,0,0,114,66,48,330,54,276
"781","06","075","025800",1358,72868,619,377,242,226,156,70,74,35,39,7,0,7,230,139,91,0,0,0,67,32,35,15,15,0,151,118,33,176,87,89
"782","06","075","025900",1903,89896,1504,1056,448,611,400,211,104,91,13,0,0,0,602,461,141,0,0,0,93,25,68,94,79,15,453,282,171,307,184,123
"783","06","075","026001",1432,60694,1566,805,761,495,270,225,79,44,35,31,0,31,558,347,211,11,0,11,343,123,220,49,21,28,264,169,95,610,200,410
"784","06","075","026002",1863,86900,984,753,231,445,364,81,47,31,16,0,0,0,341,283,58,0,0,0,148,72,76,3,3,0,297,216,81,277,201,76
"785","06","075","026003",1784,65282,1395,866,529,567,358,209,16,8,8,26,26,0,472,292,180,0,0,0,297,174,123,17,8,9,305,195,110,586,354,232
"786","06","075","026004",1782,75962,1276,754,522,512,305,207,27,27,0,0,0,0,521,364,157,0,0,0,162,12,150,54,46,8,283,204,79,430,144,286
"787","06","075","026100",1559,72350,1993,1148,845,437,213,224,30,0,30,14,0,14,1077,746,331,21,21,0,302,98,204,112,70,42,275,160,115,507,170,337
"788","06","075","026200",1395,76137,2003,1349,654,491,290,201,21,21,0,13,13,0,1076,850,226,0,0,0,346,119,227,56,56,0,352,213,139,514,225,289
"789","06","075","026301",1520,65625,1406,822,584,497,302,195,8,0,8,9,0,9,697,420,277,13,13,0,164,69,95,18,18,0,292,147,145,381,236,145
"790","06","075","026302",1445,76386,1533,931,602,470,320,150,31,0,31,0,0,0,718,527,191,0,0,0,292,84,208,22,0,22,338,235,103,444,169,275
"791","06","075","026303",1816,83047,1216,754,462,318,184,134,6,6,0,0,0,0,657,515,142,0,0,0,224,38,186,11,11,0,230,142,88,306,74,232
"792","06","075","026401",1272,50694,1061,763,298,141,97,44,82,27,55,0,0,0,718,571,147,10,10,0,99,58,41,11,0,11,81,57,24,159,98,61
"793","06","075","026402",1803,82969,1194,771,423,259,181,78,128,65,63,20,20,0,557,397,160,0,0,0,166,52,114,64,56,8,234,156,78,243,129,114
"794","06","075","026403",1338,66875,1051,540,511,179,66,113,28,18,10,0,0,0,670,432,238,0,0,0,113,24,89,61,0,61,82,39,43,223,51,172
"795","06","075","026404",1247,48000,700,335,365,101,53,48,183,46,137,0,0,0,308,205,103,18,0,18,85,26,59,5,5,0,43,33,10,143,46,97
"796","06","075","030101",1824,94857,2114,640,1474,1433,479,954,37,0,37,0,0,0,445,161,284,0,0,0,133,0,133,66,0,66,1283,470,813,218,9,209
"797","06","075","030102",1957,111651,2242,1094,1148,1458,888,570,47,0,47,0,0,0,618,189,429,0,0,0,75,0,75,44,17,27,1317,836,481,165,52,113
"798","06","075","030201",1741,91387,1907,457,1450,1210,143,1067,9,0,9,0,0,0,546,292,254,0,0,0,22,0,22,120,22,98,1178,143,1035,73,19,54
"799","06","075","030202",1862,105457,2149,586,1563,1296,310,986,34,0,34,0,0,0,623,276,347,0,0,0,43,0,43,153,0,153,1121,310,811,263,0,263
"800","06","075","030301",1925,130234,2361,1296,1065,1358,626,732,39,39,0,0,0,0,904,617,287,0,0,0,12,0,12,48,14,34,1297,596,701,96,44,52
"801","06","075","030302",1536,133984,1464,1179,285,762,570,192,9,0,9,0,0,0,664,580,84,0,0,0,9,9,0,20,20,0,715,547,168,59,35,24
"802","06","075","030400",1580,154769,1967,1555,412,1113,887,226,45,27,18,9,9,0,724,601,123,0,0,0,39,31,8,37,0,37,1096,879,217,57,39,18
"803","06","075","030500",-666666666,109352,1040,752,288,672,505,167,37,0,37,0,0,0,277,217,60,0,0,0,28,19,9,26,11,15,603,462,141,112,62,50
"804","06","075","030600",3501,158421,878,753,125,546,476,70,17,17,0,0,0,0,251,236,15,0,0,0,48,12,36,16,12,4,504,446,58,101,53,48
"805","06","075","030700",2853,126875,2652,2177,475,1762,1470,292,29,29,0,0,0,0,720,605,115,0,0,0,42,23,19,99,50,49,1544,1298,246,249,184,65
"806","06","075","030800",1621,134481,2260,1730,530,1459,1106,353,38,0,38,0,0,0,610,532,78,0,0,0,50,0,50,103,92,11,1371,1049,322,144,63,81
"807","06","075","030900",2506,157820,2343,2120,223,1337,1188,149,0,0,0,0,0,0,894,894,0,12,12,0,74,0,74,26,26,0,1166,1028,138,245,160,85
"808","06","075","031000",2552,128517,1302,1025,277,782,622,160,51,35,16,6,0,6,371,332,39,0,0,0,77,28,49,15,8,7,730,591,139,129,59,70
"809","06","075","031100",1991,110417,2488,1648,840,1604,1023,581,100,69,31,0,0,0,569,457,112,0,0,0,133,48,85,82,51,31,1412,868,544,336,203,133
"810","06","075","031201",1611,80462,1983,1136,847,558,210,348,195,119,76,0,0,0,1034,753,281,0,0,0,181,39,142,15,15,0,460,167,293,243,82,161
"811","06","075","031202",1719,73839,862,585,277,173,130,43,155,105,50,6,0,6,419,287,132,0,0,0,74,58,16,35,5,30,158,115,43,95,73,22
"812","06","075","031301",1577,93750,1314,1026,288,358,238,120,333,266,67,16,11,5,503,436,67,0,0,0,13,0,13,91,75,16,307,194,113,104,71,33
"813","06","075","031302",2011,67438,1942,1279,663,458,248,210,248,225,23,0,0,0,997,680,317,0,0,0,113,57,56,126,69,57,304,186,118,279,117,162
"814","06","075","031400",1309,59487,1861,1172,689,412,273,139,349,213,136,9,0,9,812,592,220,0,0,0,246,76,170,33,18,15,260,206,54,399,143,256
"815","06","075","032601",1772,95854,1828,762,1066,862,240,622,30,9,21,0,0,0,848,513,335,0,0,0,10,0,10,78,0,78,814,222,592,58,18,40
"816","06","075","032602",1745,80357,1718,808,910,758,251,507,16,9,7,3,3,0,825,509,316,0,0,0,72,10,62,44,26,18,709,251,458,103,10,93
"817","06","075","032700",1880,103648,2461,1669,792,1021,633,388,0,0,0,0,0,0,1305,951,354,56,56,0,24,0,24,55,29,26,947,587,360,113,46,67
"818","06","075","032801",1917,79764,1460,788,672,666,322,344,27,0,27,0,0,0,682,446,236,0,0,0,25,13,12,60,7,53,565,282,283,128,67,61
"819","06","075","032802",2161,84946,1544,986,558,465,257,208,19,0,19,5,5,0,954,724,230,0,0,0,37,0,37,64,0,64,448,248,200,43,9,34
"820","06","075","032901",2091,83169,1819,1259,560,650,461,189,38,7,31,0,0,0,1001,728,273,10,10,0,57,22,35,63,31,32,585,424,161,132,69,63
"821","06","075","032902",1858,96208,1385,961,424,451,272,179,0,0,0,0,0,0,880,689,191,0,0,0,0,0,0,54,0,54,412,256,156,51,28,23
"822","06","075","033000",2100,83896,2710,1595,1115,1511,847,664,0,0,0,33,0,33,1117,734,383,0,0,0,0,0,0,49,14,35,1378,815,563,133,32,101
"823","06","075","033100",3071,108018,1463,1311,152,720,631,89,0,0,0,0,0,0,731,668,63,0,0,0,0,0,0,12,12,0,659,583,76,61,48,13
"824","06","075","033201",1764,22895,640,0,640,304,0,304,33,0,33,0,0,0,215,0,215,0,0,0,53,0,53,35,0,35,256,0,256,108,0,108
"825","06","075","033203",2142,50946,1586,0,1586,888,0,888,121,0,121,0,0,0,394,0,394,0,0,0,154,0,154,29,0,29,783,0,783,253,0,253
"826","06","075","033204",1851,44922,1591,0,1591,761,0,761,123,0,123,0,0,0,551,0,551,0,0,0,94,0,94,62,0,62,605,0,605,250,0,250
"827","06","075","035100",1870,107482,2849,1733,1116,1365,784,581,18,0,18,18,18,0,1310,931,379,0,0,0,4,0,4,134,0,134,1272,745,527,209,69,140
"828","06","075","035201",1795,84817,1960,1271,689,908,479,429,7,7,0,0,0,0,966,748,218,0,0,0,11,11,0,68,26,42,837,439,398,105,60,45
"829","06","075","035202",1658,78542,1834,651,1183,1037,278,759,19,0,19,0,0,0,639,373,266,8,0,8,23,0,23,108,0,108,928,252,676,117,26,91
"830","06","075","035300",1700,80352,2594,1801,793,908,512,396,0,0,0,0,0,0,1537,1228,309,14,14,0,116,28,88,19,19,0,863,512,351,172,39,133
"831","06","075","035400",1442,87598,2514,1392,1122,1012,474,538,51,13,38,0,0,0,1256,896,360,0,0,0,149,0,149,46,9,37,1012,474,538,51,0,51
"832","06","075","040100",1659,93875,1946,536,1410,1192,337,855,8,0,8,0,0,0,637,189,448,11,0,11,31,10,21,67,0,67,1132,316,816,72,21,51
"833","06","075","040200",1554,83867,2433,761,1672,1412,506,906,79,0,79,0,0,0,777,234,543,0,0,0,96,0,96,69,21,48,1332,487,845,218,40,178
"834","06","075","042601",1692,70100,1788,420,1368,1139,150,989,33,0,33,6,6,0,516,264,252,0,0,0,62,0,62,32,0,32,1106,150,956,103,0,103
"835","06","075","042602",1880,104943,1383,404,979,869,188,681,10,0,10,0,0,0,419,216,203,0,0,0,21,0,21,64,0,64,794,177,617,98,11,87
"836","06","075","042700",1486,56765,2338,658,1680,1173,236,937,76,27,49,0,0,0,975,369,606,26,26,0,16,0,16,72,0,72,1085,236,849,140,0,140
"837","06","075","042800",2170,181125,897,678,219,740,551,189,0,0,0,0,0,0,139,114,25,0,0,0,0,0,0,18,13,5,713,541,172,27,10,17
"838","06","075","045100",1659,91206,2109,750,1359,1085,324,761,43,0,43,8,8,0,855,393,462,25,25,0,54,0,54,39,0,39,961,299,662,197,25,172
"839","06","075","045200",1713,87664,3020,994,2026,1645,605,1040,0,0,0,12,12,0,1103,369,734,29,0,29,20,0,20,211,8,203,1509,573,936,282,32,250
"840","06","075","047600",1875,84625,2211,817,1394,1119,310,809,15,15,0,0,0,0,1033,492,541,14,0,14,0,0,0,30,0,30,1044,310,734,75,0,75
"841","06","075","047701",1551,72981,1907,709,1198,952,232,720,10,0,10,0,0,0,875,447,428,10,10,0,0,0,0,60,20,40,891,220,671,61,12,49
"842","06","075","047702",1666,85769,1564,670,894,767,205,562,17,7,10,0,0,0,742,441,301,0,0,0,12,0,12,26,17,9,699,185,514,80,20,60
"843","06","075","047801",1743,92881,1590,751,839,681,227,454,28,14,14,10,10,0,770,460,310,0,0,0,29,0,29,72,40,32,644,219,425,74,27,47
"844","06","075","047802",1661,75091,1477,554,923,630,133,497,0,0,0,0,0,0,707,411,296,0,0,0,64,10,54,76,0,76,544,120,424,178,13,165
"845","06","075","047901",1380,67407,2679,1529,1150,1566,693,873,38,18,20,0,0,0,989,761,228,0,0,0,0,0,0,86,57,29,1362,670,692,218,23,195
"846","06","075","047902",1773,74500,1512,715,797,949,352,597,29,0,29,0,0,0,477,344,133,0,0,0,16,0,16,41,19,22,901,328,573,64,24,40
"847","06","075","060100",3001,175259,1306,35,1271,1177,35,1142,0,0,0,0,0,0,73,0,73,0,0,0,35,0,35,21,0,21,1079,35,1044,133,0,133
"848","06","075","060400",1645,44200,998,147,851,753,123,630,31,0,31,0,0,0,136,17,119,0,0,0,48,7,41,30,0,30,717,123,594,74,7,67
"849","06","075","060502",440,25434,951,216,735,124,14,110,278,7,271,11,0,11,262,165,97,56,0,56,193,30,163,27,0,27,42,8,34,286,36,250
"850","06","075","060700",2842,114597,5186,1734,3452,2452,677,1775,295,0,295,15,0,15,1943,954,989,0,0,0,221,50,171,260,53,207,2311,585,1726,456,142,314
"851","06","075","061000",2728,101667,1594,973,621,422,253,169,202,124,78,12,12,0,764,509,255,0,0,0,71,44,27,123,31,92,374,235,139,189,48,141
"852","06","075","061100",510,17218,2104,87,2017,128,29,99,19,0,19,18,0,18,1889,58,1831,0,0,0,26,0,26,24,0,24,122,29,93,32,0,32
"853","06","075","061200",1293,51818,1184,473,711,274,133,141,311,120,191,15,0,15,317,172,145,0,0,0,235,39,196,32,9,23,201,118,83,323,54,269
"854","06","075","061400",1537,137469,2483,1189,1294,1551,874,677,180,21,159,0,0,0,420,263,157,21,0,21,187,14,173,124,17,107,1356,756,600,385,135,250
"855","06","075","061500",2722,162690,7352,2883,4469,4063,1499,2564,101,0,101,33,0,33,2777,1280,1497,0,0,0,106,0,106,272,104,168,3863,1447,2416,506,200,306
"856","06","075","980200",2250,150000,72,31,41,54,23,31,0,0,0,0,0,0,18,8,10,0,0,0,0,0,0,0,0,0,54,23,31,0,0,0
"857","06","075","980300",1619,106944,76,0,76,71,0,71,0,0,0,0,0,0,0,0,0,0,0,0,0,0,0,5,0,5,71,0,71,0,0,0
"858","06","075","980401",-666666666,-666666666,0,0,0,0,0,0,0,0,0,0,0,0,0,0,0,0,0,0,0,0,0,0,0,0,0,0,0,0,0,0
"859","06","075","980501",276,16473,285,63,222,23,9,14,65,4,61,0,0,0,155,45,110,27,0,27,5,0,5,10,5,5,13,9,4,15,0,15
"860","06","075","980600",1013,-666666666,188,135,53,80,64,16,83,50,33,0,0,0,21,21,0,0,0,0,0,0,0,4,0,4,53,53,0,27,11,16
"861","06","075","980900",2000,101000,142,10,132,94,5,89,18,0,18,0,0,0,14,5,9,0,0,0,16,0,16,0,0,0,83,5,78,27,0,27
"862","06","075","990100",-666666666,-666666666,0,0,0,0,0,0,0,0,0,0,0,0,0,0,0,0,0,0,0,0,0,0,0,0,0,0,0,0,0,0
"863","06","081","600100",1718,89533,2092,1461,631,1236,849,387,76,36,40,0,0,0,549,396,153,0,0,0,105,105,0,126,75,51,1110,799,311,314,238,76
"864","06","081","600200",1519,67855,1155,639,516,161,81,80,72,10,62,0,0,0,641,443,198,48,26,22,221,76,145,12,3,9,118,48,70,267,112,155
"865","06","081","600300",2131,94640,1219,985,234,414,380,34,35,35,0,24,24,0,652,490,162,0,0,0,77,48,29,17,8,9,304,293,11,211,159,52
"866","06","081","600401",2242,80184,1075,892,183,355,304,51,85,66,19,0,0,0,564,451,113,0,0,0,43,43,0,28,28,0,194,173,21,214,184,30
"867","06","081","600402",1733,81063,1260,934,326,236,171,65,48,21,27,14,14,0,671,550,121,7,7,0,207,121,86,77,50,27,130,78,52,378,279,99
"868","06","081","600500",1873,104474,2040,1419,621,543,320,223,42,28,14,0,0,0,1016,821,195,0,0,0,331,189,142,108,61,47,407,207,200,498,321,177
"869","06","081","600600",1631,76932,1535,861,674,472,214,258,47,26,21,0,0,0,616,452,164,0,0,0,344,157,187,56,12,44,155,64,91,689,315,374
"870","06","081","600700",1426,68685,2145,1057,1088,621,318,303,128,40,88,0,0,0,1014,629,385,0,0,0,349,53,296,33,17,16,300,135,165,714,236,478
"871","06","081","600800",1795,51111,2720,137,2583,776,60,716,294,0,294,0,0,0,1335,54,1281,0,0,0,221,0,221,94,23,71,626,60,566,409,10,399
"872","06","081","600900",2127,99013,1387,983,404,661,496,165,10,0,10,0,0,0,616,429,187,9,9,0,48,41,7,43,8,35,590,450,140,124,87,37
"873","06","081","601000",2053,92375,1984,1718,266,618,495,123,108,99,9,0,0,0,1079,967,112,28,28,0,78,78,0,73,51,22,466,363,103,271,241,30
"874","06","081","601100",2292,97708,1902,1372,530,666,466,200,40,12,28,0,0,0,1101,835,266,49,21,28,22,22,0,24,16,8,551,425,126,145,71,74
"875","06","081","601200",1495,86731,2140,1151,989,675,428,247,17,0,17,18,18,0,1050,632,418,0,0,0,322,61,261,58,12,46,472,323,149,601,196,405
"876","06","081","601300",1411,59328,2552,649,1903,625,101,524,116,13,103,0,0,0,1035,351,684,0,0,0,741,169,572,35,15,20,416,66,350,977,213,764
"877","06","081","601400",2096,75104,2142,1302,840,451,315,136,99,18,81,0,0,0,1452,920,532,0,0,0,112,33,79,28,16,12,309,246,63,277,125,152
"878","06","081","601501",2244,95357,1354,921,433,310,264,46,0,0,0,7,7,0,921,603,318,8,8,0,72,12,60,36,27,9,237,191,46,85,85,0
"879","06","081","601502",1727,61741,1758,227,1531,384,52,332,77,8,69,0,0,0,924,150,774,57,9,48,288,8,280,28,0,28,305,28,277,391,32,359
"880","06","081","601601",1353,73611,874,599,275,409,271,138,62,13,49,10,10,0,307,235,72,0,0,0,62,56,6,24,14,10,261,194,67,236,150,86
"881","06","081","601603",2236,105000,1890,1235,655,525,284,241,64,50,14,0,0,0,1202,845,357,7,7,0,83,40,43,9,9,0,389,210,179,232,105,127
"882","06","081","601604",1892,95300,1106,732,374,511,330,181,12,12,0,0,0,0,403,305,98,8,8,0,110,28,82,62,49,13,470,309,161,154,66,88
"883","06","081","601605",2495,98793,1758,1226,532,266,237,29,73,0,73,15,0,15,1301,961,340,9,9,0,84,9,75,10,10,0,200,182,18,150,64,86
"884","06","081","601700",2250,94769,1323,1058,265,653,546,107,2,2,0,0,0,0,424,349,75,12,12,0,198,123,75,34,26,8,504,397,107,347,272,75
"885","06","081","601800",1452,102276,2094,1790,304,1224,1044,180,0,0,0,0,0,0,616,616,0,43,43,0,163,67,96,48,20,28,793,763,30,594,348,246
"886","06","081","601901",1641,77636,1392,845,547,721,460,261,8,0,8,0,0,0,486,317,169,0,0,0,155,62,93,22,6,16,430,308,122,460,220,240
"887","06","081","601902",1707,90509,2172,843,1329,850,412,438,82,31,51,0,0,0,868,299,569,30,30,0,286,47,239,56,24,32,629,298,331,546,168,378
"888","06","081","602000",1911,90395,2442,1843,599,1069,922,147,16,0,16,0,0,0,867,721,146,59,59,0,395,128,267,36,13,23,804,693,111,676,350,326
"889","06","081","602100",1533,62452,956,243,713,361,119,242,56,0,56,9,2,7,143,79,64,29,10,19,311,33,278,47,0,47,118,41,77,570,111,459
"890","06","081","602200",1422,58832,2420,303,2117,1296,207,1089,141,0,141,14,0,14,236,48,188,62,14,48,496,34,462,175,0,175,533,79,454,1253,162,1091
"891","06","081","602300",1240,83889,1118,761,357,484,273,211,19,19,0,16,16,0,336,276,60,29,29,0,174,98,76,60,50,10,259,168,91,444,238,206
"892","06","081","602400",1389,85449,2676,1606,1070,1493,987,506,57,13,44,0,0,0,670,402,268,31,31,0,301,62,239,124,111,13,1176,878,298,653,171,482
"893","06","081","602500",3387,113401,1515,1291,224,402,348,54,65,56,9,0,0,0,909,786,123,37,37,0,37,28,9,65,36,29,324,270,54,123,114,9
"894","06","081","602600",2090,95972,2702,1956,746,393,296,97,135,25,110,0,0,0,1983,1533,450,30,30,0,123,47,76,38,25,13,322,225,97,225,157,68
"895","06","081","602700",1882,101221,1944,1156,788,950,555,395,139,54,85,0,0,0,610,418,192,61,34,27,138,59,79,46,36,10,726,463,263,383,172,211
"896","06","081","602800",2336,116854,1499,1117,382,752,559,193,86,17,69,0,0,0,493,409,84,8,0,8,51,51,0,109,81,28,630,446,184,216,179,37
"897","06","081","602900",2208,100563,1574,867,707,1157,698,459,67,44,23,0,0,0,242,84,158,0,0,0,45,11,34,63,30,33,1024,634,390,189,75,114
"898","06","081","603000",1604,86429,1828,896,932,1501,742,759,30,10,20,21,0,21,160,106,54,13,0,13,68,30,38,35,8,27,1373,693,680,215,87,128
"899","06","081","603100",2070,115724,1227,977,250,992,833,159,21,21,0,8,0,8,87,87,0,0,0,0,84,20,64,35,16,19,917,772,145,180,87,93
"900","06","081","603200",1984,110524,1357,1053,304,1105,874,231,8,8,0,0,0,0,121,78,43,0,0,0,42,42,0,81,51,30,1022,818,204,160,120,40
"901","06","081","603300",2389,105000,2358,1818,540,1940,1543,397,9,9,0,0,0,0,215,206,9,0,0,0,0,0,0,194,60,134,1787,1418,369,243,173,70
"902","06","081","603400",1573,112159,2111,1578,533,1724,1391,333,0,0,0,0,0,0,276,107,169,0,0,0,59,42,17,52,38,14,1510,1275,235,289,174,115
"903","06","081","603700",2533,89836,1729,1377,352,803,725,78,57,37,20,10,0,10,541,497,44,82,0,82,159,72,87,77,46,31,698,631,67,277,160,117
"904","06","081","603801",1598,72841,1179,772,407,569,387,182,0,0,0,0,0,0,460,311,149,0,0,0,121,54,67,29,20,9,483,321,162,218,140,78
"905","06","081","603802",1898,105714,1872,1239,633,1263,838,425,38,17,21,0,0,0,374,338,36,6,0,6,125,30,95,66,16,50,1154,763,391,253,110,143
"906","06","081","603900",2094,102346,2089,1111,978,1348,811,537,53,12,41,0,0,0,395,178,217,0,0,0,202,19,183,91,91,0,1176,702,474,431,185,246
"907","06","081","604000",2483,105227,1110,886,224,775,643,132,0,0,0,0,0,0,260,201,59,0,0,0,23,19,4,52,23,29,683,594,89,144,68,76
"908","06","081","604101",1566,78750,2507,629,1878,1464,364,1100,42,0,42,0,0,0,533,189,344,152,54,98,300,22,278,16,0,16,788,270,518,950,116,834
"909","06","081","604102",1878,75149,1579,541,1038,661,206,455,110,15,95,0,0,0,633,270,363,80,0,80,70,33,37,25,17,8,497,151,346,239,123,116
"910","06","081","604200",1627,73611,1110,628,482,670,314,356,0,0,0,0,0,0,238,157,81,23,23,0,109,100,9,70,34,36,388,163,225,452,263,189
"911","06","081","604400",1603,77885,1750,665,1085,661,201,460,9,0,9,13,0,13,798,365,433,17,0,17,177,56,121,75,43,32,418,176,242,438,87,351
"912","06","081","604500",2565,119471,1299,930,369,770,561,209,13,13,0,17,0,17,440,340,100,0,0,0,9,0,9,50,16,34,684,515,169,111,62,49
"913","06","081","604600",3139,115375,954,835,119,502,444,58,0,0,0,0,0,0,427,380,47,0,0,0,6,6,0,19,5,14,445,387,58,67,63,4
"914","06","081","604700",2563,120227,954,757,197,498,430,68,0,0,0,4,0,4,418,315,103,16,0,16,6,0,6,12,12,0,459,396,63,45,34,11
"915","06","081","604800",1981,93618,1884,799,1085,1106,463,643,11,0,11,12,0,12,695,317,378,6,0,6,18,0,18,36,19,17,874,412,462,250,51,199
"916","06","081","604900",2074,103631,1217,992,225,556,439,117,0,0,0,0,0,0,643,543,100,0,0,0,10,10,0,8,0,8,513,420,93,53,29,24
"917","06","081","605000",1583,127054,2895,1738,1157,1685,1093,592,100,39,61,0,0,0,1004,595,409,0,0,0,75,0,75,31,11,20,1524,1051,473,250,42,208
"918","06","081","605100",1635,102167,1420,560,860,989,398,591,0,0,0,0,0,0,273,109,164,0,0,0,53,27,26,105,26,79,945,390,555,106,35,71
"919","06","081","605200",2013,149722,1262,1013,249,1010,836,174,12,0,12,0,0,0,201,158,43,0,0,0,15,3,12,24,16,8,910,756,154,123,83,40
"920","06","081","605300",1894,113984,1845,1012,833,1415,797,618,21,12,9,40,0,40,282,178,104,0,0,0,37,6,31,50,19,31,1337,752,585,163,51,112
"921","06","081","605400",1867,92411,2441,1104,1337,1721,946,775,32,0,32,14,0,14,375,130,245,0,0,0,204,0,204,95,28,67,1590,905,685,312,41,271
"922","06","081","605500",1785,88321,2751,652,2099,1958,592,1366,39,0,39,26,11,15,489,49,440,72,0,72,60,0,60,107,0,107,1706,580,1126,378,12,366
"923","06","081","605600",2438,211818,1934,1789,145,1336,1205,131,12,12,0,0,0,0,511,497,14,0,0,0,0,0,0,75,75,0,1321,1205,116,26,11,15
"924","06","081","605700",2531,218849,1771,1621,150,1199,1089,110,26,13,13,0,0,0,494,467,27,0,0,0,27,27,0,25,25,0,1141,1031,110,71,71,0
"925","06","081","605800",1897,184167,972,789,183,760,663,97,17,9,8,0,0,0,116,57,59,0,0,0,19,0,19,60,60,0,717,643,74,62,20,42
"926","06","081","605900",1481,81586,2585,875,1710,1688,550,1138,14,0,14,13,0,13,531,240,291,0,0,0,229,31,198,110,54,56,1319,501,818,549,80,469
"927","06","081","606000",1673,64850,2124,864,1260,1338,587,751,128,35,93,15,0,15,364,229,135,13,13,0,266,0,266,0,0,0,845,544,301,759,43,716
"928","06","081","606100",1556,68229,1310,822,488,636,521,115,60,18,42,26,14,12,286,189,97,57,29,28,187,15,172,58,36,22,517,450,67,361,118,243
"929","06","081","606200",1668,62882,2256,665,1591,1280,320,960,216,16,200,14,0,14,387,293,94,116,0,116,169,36,133,74,0,74,520,251,269,981,105,876
"930","06","081","606300",1670,81394,1831,827,1004,1297,626,671,27,17,10,0,0,0,371,184,187,0,0,0,123,0,123,13,0,13,1102,600,502,335,43,292
"931","06","081","606400",1934,95774,2530,939,1591,1915,719,1196,46,0,46,0,0,0,510,220,290,0,0,0,16,0,16,43,0,43,1655,699,956,276,20,256
"932","06","081","606500",1828,199886,1251,1175,76,1023,972,51,0,0,0,0,0,0,189,180,9,0,0,0,9,0,9,30,23,7,949,898,51,83,74,9
"933","06","081","606600",1868,102195,1452,850,602,995,627,368,0,0,0,9,0,9,250,194,56,27,0,27,147,21,126,24,8,16,924,595,329,227,53,174
"934","06","081","606700",2013,136806,955,813,142,683,584,99,0,0,0,3,3,0,238,204,34,0,0,0,9,4,5,22,18,4,635,557,78,60,34,26
"935","06","081","606800",2034,129013,1269,983,286,854,580,274,9,9,0,0,0,0,354,342,12,0,0,0,0,0,0,52,52,0,832,558,274,22,22,0
"936","06","081","606900",1947,147031,917,750,167,654,518,136,0,0,0,0,0,0,215,215,0,0,0,0,5,5,0,43,12,31,634,506,128,56,17,39
"937","06","081","607000",1886,129375,1384,854,530,960,576,384,16,0,16,14,14,0,285,244,41,0,0,0,0,0,0,109,20,89,851,538,313,122,38,84
"938","06","081","607100",3177,138482,1079,1002,77,829,765,64,0,0,0,0,0,0,240,237,3,0,0,0,10,0,10,0,0,0,829,765,64,15,5,10
"939","06","081","607200",1881,82361,1718,456,1262,951,267,684,46,17,29,0,0,0,513,162,351,0,0,0,157,0,157,51,10,41,769,231,538,365,36,329
"940","06","081","607300",2145,122383,1327,1138,189,1056,888,168,0,0,0,7,7,0,210,189,21,0,0,0,15,15,0,39,39,0,987,836,151,84,67,17
"941","06","081","607400",1689,87105,1886,864,1022,1161,599,562,33,24,9,11,0,11,500,162,338,0,0,0,73,9,64,108,70,38,982,574,408,320,76,244
"942","06","081","607500",2138,103824,1606,618,988,942,351,591,64,13,51,0,0,0,409,190,219,34,17,17,93,27,66,64,20,44,766,318,448,293,66,227
"943","06","081","607600",1630,102825,1259,844,415,915,589,326,35,7,28,0,0,0,187,181,6,0,0,0,32,14,18,90,53,37,638,504,134,358,120,238
"944","06","081","607701",1999,88508,1185,714,471,639,413,226,11,11,0,0,0,0,247,183,64,82,40,42,157,52,105,49,15,34,434,277,157,406,211,195
"945","06","081","607702",2211,103462,798,594,204,439,340,99,16,11,5,0,0,0,149,142,7,29,23,6,95,40,55,70,38,32,331,271,60,237,126,111
"946","06","081","607800",2733,104125,990,837,153,570,494,76,7,7,0,0,0,0,284,271,13,37,10,27,67,31,36,25,24,1,484,433,51,158,97,61
"947","06","081","607900",2426,111656,1658,908,750,956,634,322,24,0,24,0,0,0,587,256,331,0,0,0,10,10,0,81,8,73,930,616,314,55,28,27
"948","06","081","608001",2361,123882,1606,769,837,775,445,330,28,18,10,0,0,0,751,288,463,0,0,0,12,0,12,40,18,22,709,436,273,120,41,79
"949","06","081","608002",3419,144286,1364,1098,266,864,680,184,46,18,28,3,3,0,407,365,42,0,0,0,0,0,0,44,32,12,826,671,155,46,17,29
"950","06","081","608004",2539,120032,3141,1344,1797,1630,734,896,56,0,56,0,0,0,1380,610,770,14,0,14,0,0,0,61,0,61,1557,721,836,73,13,60
"951","06","081","608013",3076,140190,1685,941,744,925,318,607,10,10,0,9,0,9,716,596,120,0,0,0,10,10,0,15,7,8,824,299,525,101,19,82
"952","06","081","608023",3501,136111,908,783,125,418,363,55,18,5,13,6,6,0,444,398,46,0,0,0,11,11,0,11,0,11,401,346,55,23,23,0
"953","06","081","608100",2111,90846,1437,852,585,609,490,119,63,9,54,0,0,0,663,338,325,0,0,0,49,0,49,53,15,38,556,461,95,102,29,73
"954","06","081","608200",2605,152898,1349,942,407,788,531,257,7,0,7,0,0,0,485,367,118,0,0,0,0,0,0,69,44,25,744,515,229,67,28,39
"955","06","081","608300",2255,134630,1416,717,699,654,332,322,58,45,13,0,0,0,662,326,336,0,0,0,10,0,10,32,14,18,632,320,312,32,12,20
"956","06","081","608400",2493,100838,2175,694,1481,1232,463,769,0,0,0,0,0,0,672,173,499,61,0,61,132,11,121,78,47,31,1039,402,637,372,77,295
"957","06","081","608501",1900,110217,1658,1177,481,1220,855,365,12,0,12,0,0,0,267,229,38,12,0,12,53,16,37,94,77,17,1059,755,304,255,157,98
"958","06","081","608502",1974,105673,1180,622,558,742,387,355,12,0,12,17,0,17,352,203,149,0,0,0,34,22,12,23,10,13,608,324,284,177,85,92
"959","06","081","608600",1948,89940,1705,715,990,910,418,492,54,17,37,0,0,0,565,207,358,0,0,0,82,24,58,94,49,45,729,361,368,312,117,195
"960","06","081","608700",1763,129438,2607,1811,796,1779,1315,464,47,0,47,0,0,0,568,441,127,0,0,0,87,0,87,126,55,71,1707,1258,449,195,69,126
"961","06","081","608800",2129,170192,2100,1893,207,1488,1301,187,14,14,0,11,11,0,568,548,20,0,0,0,0,0,0,19,19,0,1413,1250,163,75,51,24
"962","06","081","608900",1669,107698,2944,1098,1846,1999,665,1334,56,28,28,0,0,0,687,370,317,57,0,57,77,22,55,68,13,55,1829,574,1255,296,113,183
"963","06","081","609000",1576,94219,953,702,251,748,564,184,25,16,9,5,5,0,133,104,29,0,0,0,29,0,29,13,13,0,670,525,145,107,39,68
"964","06","081","609100",1953,103977,568,427,141,437,339,98,0,0,0,0,0,0,92,70,22,0,0,0,21,4,17,18,14,4,349,269,80,120,85,35
"965","06","081","609201",1743,87378,1588,915,673,1298,824,474,18,0,18,0,0,0,214,85,129,0,0,0,30,6,24,28,0,28,1234,775,459,104,49,55
"966","06","081","609202",1713,85339,1945,534,1411,1524,471,1053,58,10,48,0,0,0,235,43,192,9,0,9,82,10,72,37,0,37,1353,402,951,260,79,181
"967","06","081","609300",1660,140556,1248,1036,212,1099,939,160,20,0,20,0,0,0,107,82,25,0,0,0,7,0,7,15,15,0,1041,905,136,85,34,51
"968","06","081","609400",3042,197798,1113,1006,107,1010,911,99,0,0,0,0,0,0,79,75,4,0,0,0,0,0,0,24,20,4,935,836,99,75,75,0
"969","06","081","609500",2091,166944,1742,1498,244,1433,1222,211,0,0,0,0,0,0,251,239,12,0,0,0,26,14,12,32,23,9,1335,1159,176,130,83,47
"970","06","081","609601",2177,150500,1168,795,373,950,657,293,26,0,26,0,0,0,153,109,44,0,0,0,7,7,0,32,22,10,917,651,266,40,13,27
"971","06","081","609602",2563,138000,678,633,45,588,548,40,0,0,0,0,0,0,81,81,0,0,0,0,0,0,0,9,4,5,575,535,40,13,13,0
"972","06","081","609603",1953,144275,1981,1798,183,1694,1548,146,0,0,0,0,0,0,218,218,0,15,0,15,0,0,0,54,32,22,1600,1477,123,94,71,23
"973","06","081","609700",3143,158500,1678,1512,166,1511,1383,128,16,8,8,0,0,0,63,43,20,0,0,0,40,40,0,48,38,10,1395,1275,120,156,148,8
"974","06","081","609800",1856,133167,1694,1288,406,1488,1158,330,11,11,0,0,0,0,140,85,55,9,0,9,21,21,0,25,13,12,1266,992,274,241,173,68
"975","06","081","609900",2482,175643,1082,938,144,966,885,81,0,0,0,0,0,0,44,17,27,0,0,0,10,10,0,62,26,36,864,793,71,120,102,18
"976","06","081","610000",1787,91725,2073,897,1176,1620,752,868,19,0,19,0,0,0,228,119,109,0,0,0,136,17,119,70,9,61,1448,644,804,322,134,188
"977","06","081","610100",1628,76394,925,462,463,726,392,334,5,0,5,18,0,18,48,36,12,0,0,0,113,27,86,15,7,8,515,331,184,334,88,246
"978","06","081","610201",1452,54250,1770,454,1316,1067,279,788,79,0,79,11,11,0,198,42,156,0,0,0,396,122,274,19,0,19,459,130,329,1027,282,745
"979","06","081","610202",1498,49573,828,36,792,542,32,510,34,4,30,8,0,8,118,0,118,0,0,0,112,0,112,14,0,14,423,10,413,247,22,225
"980","06","081","610203",1577,53611,1040,95,945,555,55,500,19,5,14,18,0,18,65,0,65,30,0,30,321,27,294,32,8,24,122,23,99,789,67,722
"981","06","081","610302",1352,60257,923,534,389,643,344,299,5,5,0,11,11,0,110,74,36,22,0,22,101,83,18,31,17,14,477,260,217,308,186,122
"982","06","081","610303",2828,159059,3253,2075,1178,1883,981,902,60,0,60,0,0,0,1133,950,183,0,0,0,88,55,33,89,89,0,1758,902,856,213,134,79
"983","06","081","610304",2257,115286,1898,1548,350,1234,1028,206,60,22,38,0,0,0,535,471,64,0,0,0,33,8,25,36,19,17,1170,975,195,126,70,56
"984","06","081","610400",1773,62594,1698,603,1095,914,358,556,123,0,123,24,0,24,75,50,25,27,12,15,475,155,320,60,28,32,442,177,265,1015,358,657
"985","06","081","610500",1569,57083,1378,766,612,891,511,380,8,8,0,3,0,3,145,75,70,22,0,22,274,172,102,35,0,35,400,279,121,803,413,390
"986","06","081","610601",1492,57480,1677,500,1177,818,328,490,18,7,11,8,0,8,169,35,134,0,0,0,629,120,509,35,10,25,315,198,117,1153,250,903
"987","06","081","610602",-666666666,116736,1215,954,261,907,736,171,0,0,0,0,0,0,102,102,0,0,0,0,197,107,90,9,9,0,774,638,136,320,195,125
"988","06","081","610700",1957,75229,2163,911,1252,1664,633,1031,5,5,0,0,0,0,233,142,91,25,0,25,211,118,93,25,13,12,1294,570,724,581,181,400
"989","06","081","610800",1720,58500,1688,164,1524,1060,127,933,24,12,12,0,0,0,168,19,149,0,0,0,390,0,390,46,6,40,592,106,486,891,27,864
"990","06","081","610900",1636,66019,2543,704,1839,1466,523,943,17,17,0,26,0,26,238,63,175,0,0,0,747,89,658,49,12,37,1086,478,608,1201,161,1040
"991","06","081","611000",1890,100204,2320,1205,1115,1867,1039,828,56,0,56,0,0,0,220,114,106,0,0,0,88,34,54,89,18,71,1399,850,549,571,223,348
"992","06","081","611100",1953,150679,2325,2064,261,2126,1899,227,0,0,0,0,0,0,159,140,19,0,0,0,0,0,0,40,25,15,1916,1739,177,210,160,50
"993","06","081","611200",2572,133203,1061,881,180,946,809,137,0,0,0,0,0,0,23,11,12,0,0,0,41,29,12,51,32,19,808,691,117,192,160,32
"994","06","081","611300",2438,121760,2019,1333,686,1672,1199,473,20,12,8,0,0,0,177,90,87,0,0,0,96,15,81,54,17,37,1569,1161,408,229,53,176
"995","06","081","611400",3202,250001,1411,1292,119,1258,1151,107,0,0,0,0,0,0,137,125,12,0,0,0,0,0,0,16,16,0,1245,1151,94,13,0,13
"996","06","081","611500",2375,250001,920,873,47,732,704,28,0,0,0,0,0,0,166,153,13,0,0,0,10,10,0,12,6,6,709,681,28,33,33,0
"997","06","081","611600",2291,161250,793,652,141,665,554,111,22,7,15,0,0,0,85,78,7,0,0,0,7,7,0,14,6,8,631,523,108,41,38,3
"998","06","081","611700",1445,54856,1371,619,752,457,169,288,410,206,204,32,12,20,69,60,9,69,39,30,311,121,190,23,12,11,116,54,62,679,243,436
"999","06","081","611800",1786,64135,832,514,318,277,160,117,230,168,62,11,5,6,16,9,7,79,38,41,194,113,81,25,21,4,54,32,22,441,259,182
"1000","06","081","611900",1782,57349,2637,1155,1482,951,472,479,539,236,303,0,0,0,168,168,0,128,15,113,672,166,506,179,98,81,386,247,139,1191,391,800
"1001","06","081","612000",1704,61667,1542,637,905,495,128,367,315,253,62,0,0,0,48,38,10,129,49,80,493,159,334,62,10,52,65,50,15,933,247,686
"1002","06","081","612100",1392,53693,2744,432,2312,1447,299,1148,307,8,299,0,0,0,197,109,88,190,0,190,560,16,544,43,0,43,684,283,401,1338,32,1306
"1003","06","081","612500",1829,120054,1870,794,1076,1541,682,859,23,0,23,0,0,0,202,86,116,0,0,0,18,0,18,86,26,60,1389,644,745,186,38,148
"1004","06","081","612600",2105,133241,2018,639,1379,1572,464,1108,0,0,0,0,0,0,370,175,195,0,0,0,40,0,40,36,0,36,1518,464,1054,54,0,54
"1005","06","081","612700",1964,238375,733,668,65,667,608,59,0,0,0,0,0,0,61,55,6,0,0,0,5,5,0,0,0,0,642,592,50,30,21,9
"1006","06","081","612800",2571,217321,985,875,110,877,794,83,0,0,0,0,0,0,59,40,19,0,0,0,0,0,0,49,41,8,831,756,75,46,38,8
"1007","06","081","612900",2572,168371,1717,1332,385,1388,1119,269,18,5,13,0,0,0,273,199,74,0,0,0,12,0,12,26,9,17,1312,1060,252,100,71,29
"1008","06","081","613000",2635,123750,1419,949,470,1142,847,295,0,0,0,0,0,0,268,102,166,0,0,0,0,0,0,9,0,9,1121,838,283,30,9,21
"1009","06","081","613200",3038,217188,2622,2274,348,2297,2018,279,13,13,0,0,0,0,137,118,19,0,0,0,105,55,50,70,70,0,2279,2000,279,68,18,50
"1010","06","081","613300",1750,219926,946,888,58,850,802,48,0,0,0,0,0,0,58,53,5,0,0,0,11,11,0,27,22,5,800,752,48,61,61,0
"1011","06","081","613400",1835,208594,1159,962,197,1087,900,187,0,0,0,0,0,0,29,29,0,0,0,0,15,5,10,28,28,0,1023,864,159,89,51,38
"1012","06","081","613501",2207,101026,1638,1083,555,1349,903,446,24,13,11,0,0,0,77,64,13,0,0,0,135,64,71,53,39,14,1129,811,318,368,169,199
"1013","06","081","613502",1945,125803,2335,1878,457,2141,1825,316,0,0,0,0,0,0,101,19,82,0,0,0,59,0,59,34,34,0,2028,1712,316,172,113,59
"1014","06","081","613600",1568,94481,2297,1840,457,2004,1705,299,0,0,0,0,0,0,115,47,68,0,0,0,145,55,90,33,33,0,1886,1653,233,339,140,199
"1015","06","081","613700",1243,105275,3706,2576,1130,3078,2231,847,0,0,0,0,0,0,224,175,49,0,0,0,258,104,154,146,66,80,2738,2082,656,620,253,367
"1016","06","081","613800",1375,82192,1381,884,497,1315,835,480,8,8,0,8,0,8,9,9,0,9,9,0,17,8,9,15,15,0,1204,826,378,119,17,102
"1017","06","081","613900",1668,146307,2069,1332,737,1550,997,553,45,18,27,29,15,14,298,217,81,22,22,0,53,25,28,72,38,34,1418,961,457,238,114,124
"1018","06","081","614000",2563,117050,1665,1140,525,756,489,267,34,34,0,0,0,0,733,548,185,13,13,0,51,28,23,78,28,50,621,381,240,219,136,83
"1019","06","081","984300",-666666666,-666666666,0,0,0,0,0,0,0,0,0,0,0,0,0,0,0,0,0,0,0,0,0,0,0,0,0,0,0,0,0,0
"1020","06","081","990100",-666666666,-666666666,0,0,0,0,0,0,0,0,0,0,0,0,0,0,0,0,0,0,0,0,0,0,0,0,0,0,0,0,0,0
"1021","06","085","500100",1478,81125,2395,921,1474,882,309,573,33,18,15,34,0,34,639,357,282,0,0,0,739,169,570,68,68,0,508,244,264,1125,234,891
"1022","06","085","500200",1662,91851,2145,585,1560,1116,357,759,123,15,108,0,0,0,418,127,291,30,0,30,351,64,287,107,22,85,906,302,604,621,119,502
"1023","06","085","500300",2175,110345,1464,723,741,836,385,451,103,30,73,16,0,16,281,173,108,0,0,0,103,86,17,125,49,76,675,313,362,298,177,121
"1024","06","085","500400",1434,66354,997,334,663,749,290,459,34,0,34,10,0,10,67,27,40,5,0,5,118,13,105,14,4,10,582,260,322,297,43,254
"1025","06","085","500500",1456,130469,2051,1449,602,1502,1126,376,33,17,16,0,0,0,336,207,129,0,0,0,113,46,67,67,53,14,1357,1012,345,310,198,112
"1026","06","085","500600",1431,93547,2364,842,1522,1514,772,742,151,0,151,75,13,62,363,12,351,0,0,0,176,36,140,85,9,76,1215,648,567,573,182,391
"1027","06","085","500800",1620,82344,1764,619,1145,1011,478,533,76,0,76,0,0,0,421,90,331,0,0,0,203,12,191,53,39,14,823,408,415,403,94,309
"1028","06","085","500901",1487,61458,2063,340,1723,819,255,564,151,10,141,0,0,0,786,45,741,9,0,9,235,21,214,63,9,54,718,246,472,336,20,316
"1029","06","085","500902",1225,30682,610,16,594,150,7,143,23,0,23,16,0,16,246,9,237,0,0,0,125,0,125,50,0,50,114,3,111,197,4,193
"1030","06","085","501000",1133,37988,1997,326,1671,834,208,626,156,0,156,0,0,0,460,39,421,20,0,20,387,79,308,140,0,140,550,196,354,773,91,682
"1031","06","085","501101",1468,71852,1944,343,1601,881,219,662,209,0,209,0,0,0,495,104,391,0,0,0,271,10,261,88,10,78,594,193,401,600,36,564
"1032","06","085","501102",1679,82228,1379,934,445,822,584,238,56,47,9,0,0,0,130,67,63,0,0,0,295,191,104,76,45,31,491,393,98,645,389,256
"1033","06","085","501200",1381,69583,1373,405,968,647,252,395,96,50,46,44,8,36,204,41,163,0,0,0,374,54,320,8,0,8,403,179,224,659,135,524
"1034","06","085","501300",1421,82019,1138,513,625,708,457,251,80,17,63,31,0,31,197,17,180,0,0,0,101,9,92,21,13,8,618,425,193,298,54,244
"1035","06","085","501401",1296,44052,1037,318,719,376,155,221,48,4,44,9,0,9,184,55,129,0,0,0,381,85,296,39,19,20,182,104,78,598,150,448
"1036","06","085","501402",1325,46644,917,299,618,421,141,280,21,5,16,5,0,5,95,57,38,37,0,37,323,92,231,15,4,11,186,89,97,563,144,419
"1037","06","085","501501",1350,41308,1322,568,754,373,97,276,30,9,21,0,0,0,407,240,167,9,0,9,493,222,271,10,0,10,170,74,96,696,245,451
"1038","06","085","501502",1383,63516,1181,608,573,541,249,292,13,0,13,17,17,0,197,146,51,0,0,0,387,170,217,26,26,0,192,92,100,769,360,409
"1039","06","085","501600",1365,54269,2495,458,2037,1244,298,946,190,0,190,51,9,42,392,117,275,54,0,54,430,34,396,134,0,134,964,282,682,725,50,675
"1040","06","085","501700",1481,39780,1344,260,1084,667,145,522,23,0,23,17,0,17,47,0,47,0,0,0,537,79,458,53,36,17,298,108,190,976,152,824
"1041","06","085","501800",1564,92574,1737,1138,599,1092,792,300,12,0,12,20,20,0,126,97,29,7,7,0,444,194,250,36,28,8,824,634,190,712,352,360
"1042","06","085","501900",1749,82417,2637,762,1875,1483,390,1093,114,7,107,15,15,0,571,216,355,0,0,0,259,66,193,195,68,127,1302,378,924,450,77,373
"1043","06","085","502001",1301,64337,2113,803,1310,1112,541,571,122,9,113,7,0,7,247,113,134,0,0,0,511,120,391,114,20,94,794,481,313,845,187,658
"1044","06","085","502002",1399,46046,1653,372,1281,747,259,488,82,0,82,10,0,10,179,78,101,0,0,0,535,26,509,100,9,91,482,202,280,839,83,756
"1045","06","085","502101",1716,98867,1935,1259,676,1396,886,510,10,0,10,15,15,0,397,326,71,0,0,0,61,0,61,56,32,24,1148,777,371,338,131,207
"1046","06","085","502102",1528,54606,2693,537,2156,1454,309,1145,244,36,208,10,0,10,484,148,336,0,0,0,453,44,409,48,0,48,969,288,681,1033,65,968
"1047","06","085","502201",1618,57667,3032,565,2467,1821,399,1422,252,0,252,0,0,0,580,134,446,0,0,0,164,0,164,215,32,183,1388,399,989,615,0,615
"1048","06","085","502202",1694,104643,1446,770,676,1082,612,470,0,0,0,40,11,29,200,118,82,0,0,0,53,0,53,71,29,42,958,559,399,232,65,167
"1049","06","085","502301",1832,123942,1354,724,630,1063,614,449,32,0,32,10,0,10,124,53,71,0,0,0,77,17,60,48,40,8,945,553,392,201,92,109
"1050","06","085","502302",1589,83507,1275,421,854,1031,393,638,22,0,22,8,0,8,86,17,69,0,0,0,88,6,82,40,5,35,880,355,525,249,44,205
"1051","06","085","502400",1684,124028,2775,2195,580,2183,1881,302,109,0,109,0,0,0,264,171,93,53,0,53,75,52,23,91,91,0,1935,1673,262,436,275,161
"1052","06","085","502500",1888,146875,2461,2064,397,2011,1679,332,0,0,0,67,67,0,272,232,40,0,0,0,29,15,14,82,71,11,1901,1596,305,278,226,52
"1053","06","085","502601",1902,124539,1207,867,340,1027,707,320,0,0,0,8,8,0,132,132,0,0,0,0,20,20,0,20,0,20,976,682,294,79,53,26
"1054","06","085","502603",2097,114063,976,640,336,794,518,276,0,0,0,6,0,6,102,97,5,0,0,0,54,5,49,20,20,0,720,485,235,134,38,96
"1055","06","085","502604",1842,87333,1990,603,1387,1484,498,986,139,0,139,0,0,0,310,105,205,0,0,0,13,0,13,44,0,44,1307,418,889,203,80,123
"1056","06","085","502701",1681,90000,1972,1110,862,1451,861,590,73,0,73,13,13,0,262,193,69,0,0,0,68,21,47,105,22,83,1268,781,487,290,101,189
"1057","06","085","502702",1899,103417,2984,2056,928,2257,1495,762,22,22,0,0,0,0,541,475,66,0,0,0,108,64,44,56,0,56,2035,1402,633,342,157,185
"1058","06","085","502800",2188,112000,1444,1134,310,1099,855,244,8,8,0,54,54,0,214,161,53,0,0,0,8,8,0,61,48,13,932,774,158,273,178,95
"1059","06","085","502901",1452,100285,2231,1277,954,1666,1057,609,47,0,47,0,0,0,354,211,143,0,0,0,155,0,155,9,9,0,1406,1001,405,415,56,359
"1060","06","085","502902",2064,123150,2707,2357,350,1991,1740,251,0,0,0,58,36,22,531,454,77,0,0,0,19,19,0,108,108,0,1679,1539,140,433,300,133
"1061","06","085","502903",2672,140563,1924,1615,309,1548,1336,212,49,34,15,8,8,0,203,190,13,0,0,0,55,12,43,61,35,26,1365,1178,187,262,194,68
"1062","06","085","502906",1693,86902,1539,1063,476,1177,889,288,28,0,28,0,0,0,237,121,116,0,0,0,26,18,8,71,35,36,1019,779,240,201,145,56
"1063","06","085","502907",2597,133598,1314,1135,179,1003,867,136,39,39,0,0,0,0,174,163,11,23,0,23,31,31,0,44,35,9,911,784,127,142,133,9
"1064","06","085","502908",1590,135110,2422,1788,634,1830,1355,475,37,14,23,0,0,0,354,281,73,0,0,0,98,35,63,103,103,0,1591,1195,396,374,232,142
"1065","06","085","502909",1718,91571,2077,1053,1024,1517,833,684,88,15,73,42,0,42,242,138,104,6,0,6,74,19,55,108,48,60,1140,671,469,516,190,326
"1066","06","085","502910",1634,86445,1373,629,744,1020,483,537,13,0,13,11,0,11,222,125,97,0,0,0,91,14,77,16,7,9,806,440,366,305,57,248
"1067","06","085","503001",2599,150652,1634,1361,273,1500,1233,267,0,0,0,0,0,0,75,75,0,0,0,0,14,14,0,45,39,6,1446,1179,267,68,68,0
"1068","06","085","503002",1912,116000,1200,856,344,955,686,269,54,10,44,0,0,0,162,131,31,0,0,0,10,10,0,19,19,0,812,616,196,153,80,73
"1069","06","085","503003",2281,130000,1836,1582,254,1334,1185,149,44,44,0,0,0,0,223,202,21,11,0,11,93,54,39,131,97,34,1190,1050,140,246,189,57
"1070","06","085","503105",822,37404,765,253,512,147,80,67,8,0,8,0,0,0,533,151,382,11,11,0,62,11,51,4,0,4,72,41,31,137,50,87
"1071","06","085","503108",1441,85557,2781,1233,1548,1440,472,968,126,77,49,20,0,20,746,536,210,0,0,0,337,74,263,112,74,38,913,364,549,916,189,727
"1072","06","085","503110",1395,44780,1151,273,878,246,37,209,23,8,15,0,0,0,383,174,209,0,0,0,473,54,419,26,0,26,15,8,7,730,83,647
"1073","06","085","503111",1710,84076,1127,796,331,408,297,111,37,10,27,14,0,14,478,355,123,0,0,0,185,129,56,5,5,0,83,74,9,510,352,158
"1074","06","085","503112",1354,54048,1462,502,960,594,198,396,101,72,29,10,0,10,432,150,282,0,0,0,225,72,153,100,10,90,414,150,264,501,149,352
"1075","06","085","503113",1357,55331,1369,485,884,520,166,354,60,25,35,18,8,10,105,67,38,0,0,0,643,210,433,23,9,14,178,70,108,1041,323,718
"1076","06","085","503115",1761,100924,2696,2304,392,1640,1468,172,62,38,24,0,0,0,741,583,158,0,0,0,119,81,38,134,134,0,1323,1177,146,454,390,64
"1077","06","085","503116",2144,67197,2276,1262,1014,1071,690,381,18,6,12,30,15,15,904,517,387,0,0,0,121,22,99,132,12,120,860,575,285,347,152,195
"1078","06","085","503117",1360,48636,768,247,521,178,51,127,5,0,5,6,0,6,325,105,220,18,0,18,208,76,132,28,15,13,33,13,20,367,122,245
"1079","06","085","503118",1685,66056,1670,457,1213,483,146,337,123,29,94,0,0,0,675,208,467,0,0,0,348,55,293,41,19,22,166,56,110,692,155,537
"1080","06","085","503121",1388,50893,1501,472,1029,633,277,356,56,0,56,42,16,26,298,52,246,0,0,0,418,127,291,54,0,54,381,192,189,709,207,502
"1081","06","085","503122",598,21978,1154,396,758,320,114,206,94,13,81,78,8,70,441,231,210,0,0,0,183,30,153,38,0,38,159,76,83,424,64,360
"1082","06","085","503123",1413,43785,1644,451,1193,839,325,514,162,0,162,0,0,0,377,106,271,0,0,0,198,12,186,68,8,60,602,262,340,510,100,410
"1083","06","085","503204",1353,65350,2279,1280,999,843,490,353,131,51,80,15,0,15,876,524,352,66,32,34,285,120,165,63,63,0,293,215,78,959,514,445
"1084","06","085","503207",2039,97250,1059,794,265,174,159,15,52,23,29,0,0,0,712,507,205,12,12,0,49,49,0,60,44,16,111,103,8,138,105,33
"1085","06","085","503208",2076,87917,897,656,241,507,348,159,35,19,16,0,0,0,228,203,25,9,9,0,82,41,41,36,36,0,130,108,22,479,301,178
"1086","06","085","503210",1796,70500,968,655,313,317,214,103,14,14,0,0,0,0,506,334,172,0,0,0,117,83,34,14,10,4,112,108,4,333,200,133
"1087","06","085","503211",2077,78287,1153,925,228,317,270,47,21,21,0,0,0,0,662,510,152,11,0,11,83,83,0,59,41,18,124,124,0,276,229,47
"1088","06","085","503212",2389,93477,957,735,222,231,170,61,36,30,6,16,14,2,545,454,91,0,0,0,58,26,32,71,41,30,104,97,7,227,125,102
"1089","06","085","503213",1616,42500,1264,778,486,328,168,160,16,16,0,7,0,7,739,530,209,0,0,0,164,64,100,10,0,10,125,69,56,331,120,211
"1090","06","085","503214",1141,38851,2330,1184,1146,675,255,420,18,0,18,11,11,0,1201,741,460,0,0,0,318,109,209,107,68,39,125,84,41,925,314,611
"1091","06","085","503217",1708,63258,1093,607,486,448,231,217,35,20,15,0,0,0,311,168,143,0,0,0,262,151,111,37,37,0,43,24,19,667,358,309
"1092","06","085","503218",1150,41086,1181,366,815,681,190,491,21,0,21,0,0,0,202,109,93,0,0,0,249,67,182,28,0,28,79,20,59,892,237,655
"1093","06","085","503304",1414,62955,1908,998,910,554,283,271,121,55,66,7,0,7,934,564,370,0,0,0,231,75,156,61,21,40,162,153,9,681,216,465
"1094","06","085","503305",2018,73819,1500,924,576,343,320,23,27,17,10,11,0,11,815,482,333,7,0,7,283,105,178,14,0,14,57,57,0,580,368,212
"1095","06","085","503306",1750,63636,906,650,256,327,248,79,64,47,17,22,5,17,297,238,59,0,0,0,186,107,79,10,5,5,72,67,5,466,298,168
"1096","06","085","503312",1680,94913,1079,864,215,622,506,116,58,40,18,0,0,0,219,166,53,0,0,0,163,149,14,17,3,14,464,372,92,334,289,45
"1097","06","085","503313",2722,145045,1297,1194,103,457,418,39,66,66,0,0,0,0,704,640,64,0,0,0,52,52,0,18,18,0,318,311,7,213,181,32
"1098","06","085","503315",1921,77188,2040,1266,774,443,276,167,89,89,0,41,7,34,1027,740,287,0,0,0,391,129,262,49,25,24,230,165,65,661,253,408
"1099","06","085","503321",2313,105000,1090,889,201,70,44,26,37,0,37,0,0,0,879,788,91,0,0,0,79,32,47,25,25,0,33,33,0,118,45,73
"1100","06","085","503322",2586,108854,1067,877,190,434,408,26,47,28,19,0,0,0,383,326,57,6,0,6,148,86,62,49,29,20,228,228,0,389,288,101
"1101","06","085","503323",2483,110216,1183,946,237,338,274,64,72,35,37,0,0,0,581,487,94,0,0,0,181,139,42,11,11,0,185,154,31,345,270,75
"1102","06","085","503324",2553,114643,908,760,148,169,150,19,24,18,6,0,0,0,659,566,93,0,0,0,56,26,30,0,0,0,125,110,15,100,66,34
"1103","06","085","503325",2074,115625,1157,903,254,295,200,95,7,7,0,9,9,0,723,608,115,0,0,0,111,67,44,12,12,0,136,91,45,282,188,94
"1104","06","085","503326",1568,170903,1813,1459,354,270,197,73,43,6,37,10,0,10,1401,1224,177,26,0,26,54,23,31,9,9,0,151,121,30,192,108,84
"1105","06","085","503327",2323,84875,1433,916,517,671,342,329,55,55,0,11,0,11,564,426,138,0,0,0,73,41,32,59,52,7,446,218,228,350,199,151
"1106","06","085","503329",2750,170071,980,876,104,263,179,84,27,27,0,6,6,0,624,604,20,9,9,0,26,26,0,25,25,0,183,141,42,117,75,42
"1107","06","085","503330",2852,185408,2158,1883,275,464,380,84,17,0,17,0,0,0,1649,1491,158,0,0,0,28,12,16,0,0,0,349,315,34,180,97,83
"1108","06","085","503331",1636,86705,1360,1120,240,896,704,192,47,38,9,14,14,0,334,316,18,0,0,0,48,27,21,21,21,0,744,605,139,200,126,74
"1109","06","085","503332",2389,82092,2579,2395,184,1963,1779,184,25,25,0,0,0,0,461,461,0,30,30,0,29,29,0,71,71,0,1869,1685,184,160,160,0
"1110","06","085","503333",2342,139914,1296,1016,280,536,355,181,53,53,0,0,0,0,583,515,68,0,0,0,49,39,10,75,54,21,392,305,87,214,102,112
"1111","06","085","503334",2623,211442,2525,2385,140,824,789,35,52,52,0,0,0,0,1498,1404,94,0,0,0,79,79,0,72,61,11,761,726,35,142,142,0
"1112","06","085","503336",1681,88681,895,636,259,281,208,73,29,21,8,18,18,0,426,333,93,7,7,0,119,42,77,15,7,8,79,61,18,354,214,140
"1113","06","085","503337",2018,82946,961,749,212,258,179,79,47,47,0,20,7,13,568,460,108,0,0,0,45,33,12,23,23,0,99,84,15,222,146,76
"1114","06","085","503401",2099,60455,948,613,335,303,213,90,25,14,11,0,0,0,192,152,40,16,16,0,398,204,194,14,14,0,35,35,0,686,391,295
"1115","06","085","503402",1352,54221,1255,412,843,317,108,209,31,0,31,0,0,0,407,159,248,9,0,9,448,130,318,43,15,28,23,0,23,783,260,523
"1116","06","085","503504",2010,71404,1218,743,475,417,300,117,5,5,0,0,0,0,285,196,89,50,26,24,407,198,209,54,18,36,8,8,0,870,508,362
"1117","06","085","503506",1745,60733,1290,730,560,442,207,235,15,6,9,19,0,19,397,264,133,0,0,0,323,200,123,94,53,41,67,53,14,761,376,385
"1118","06","085","503507",2057,104219,389,277,112,134,76,58,10,10,0,11,11,0,81,68,13,0,0,0,153,112,41,0,0,0,12,8,4,286,191,95
"1119","06","085","503508",2106,67180,1267,801,466,296,208,88,92,59,33,16,8,8,247,199,48,53,11,42,498,251,247,65,65,0,112,95,17,717,382,335
"1120","06","085","503509",1990,86181,901,703,198,256,229,27,34,34,0,0,0,0,269,209,60,0,0,0,325,223,102,17,8,9,73,68,5,524,391,133
"1121","06","085","503510",1569,56051,1407,738,669,438,264,174,61,7,54,10,10,0,258,155,103,0,0,0,619,281,338,21,21,0,167,112,55,908,451,457
"1122","06","085","503511",2243,97862,865,616,249,183,148,35,18,18,0,7,0,7,357,309,48,38,7,31,262,134,128,0,0,0,93,64,29,352,218,134
"1123","06","085","503601",1324,51910,881,340,541,413,200,213,0,0,0,19,14,5,154,62,92,6,0,6,266,58,208,23,6,17,282,146,136,403,112,291
"1124","06","085","503602",1110,49796,1352,655,697,301,173,128,70,29,41,0,0,0,441,256,185,0,0,0,493,183,310,47,14,33,120,67,53,699,303,396
"1125","06","085","503703",1297,60877,953,509,444,293,177,116,35,18,17,0,0,0,247,162,85,0,0,0,378,152,226,0,0,0,42,24,18,625,301,324
"1126","06","085","503707",1820,81977,1431,721,710,282,188,94,85,37,48,0,0,0,595,339,256,26,0,26,411,125,286,32,32,0,79,64,15,664,273,391
"1127","06","085","503708",-666666666,71157,762,466,296,86,75,11,29,12,17,0,0,0,556,325,231,0,0,0,87,50,37,4,4,0,45,39,6,134,86,48
"1128","06","085","503709",816,29545,1698,327,1371,241,127,114,30,0,30,21,0,21,1014,177,837,24,0,24,368,23,345,0,0,0,76,21,55,554,129,425
"1129","06","085","503710",897,31667,1044,216,828,264,66,198,5,0,5,24,0,24,389,97,292,9,0,9,325,34,291,28,19,9,82,45,37,549,55,494
"1130","06","085","503711",1529,65703,1038,406,632,384,185,199,7,7,0,0,0,0,173,101,72,0,0,0,461,113,348,13,0,13,61,46,15,791,252,539
"1131","06","085","503712",1137,31903,1369,334,1035,347,91,256,22,7,15,0,0,0,705,192,513,0,0,0,278,27,251,17,17,0,116,58,58,509,60,449
"1132","06","085","503713",1242,29390,1172,207,965,211,92,119,35,0,35,9,9,0,471,43,428,24,0,24,406,47,359,16,16,0,123,73,50,503,75,428
"1133","06","085","503802",1699,87778,2252,1475,777,768,605,163,93,18,75,44,26,18,817,581,236,0,0,0,474,204,270,56,41,15,628,480,148,699,396,303
"1134","06","085","503803",1664,83173,1417,1079,338,324,306,18,15,8,7,0,0,0,949,680,269,11,0,11,97,64,33,21,21,0,222,209,13,199,161,38
"1135","06","085","503804",1864,75805,1664,1063,601,439,306,133,60,15,45,12,6,6,885,692,193,0,0,0,181,17,164,87,27,60,279,182,97,442,162,280
"1136","06","085","503902",1626,59896,1533,739,794,492,276,216,10,0,10,26,12,14,296,186,110,10,0,10,660,251,409,39,14,25,218,150,68,949,389,560
"1137","06","085","503903",1565,65250,936,471,465,230,153,77,31,8,23,1,1,0,330,208,122,0,0,0,278,92,186,66,9,57,98,58,40,445,187,258
"1138","06","085","504001",1460,66875,1567,843,724,420,323,97,73,22,51,11,0,11,316,203,113,0,0,0,736,284,452,11,11,0,141,84,57,1035,532,503
"1139","06","085","504002",1449,57188,1430,597,833,333,194,139,83,10,73,22,0,22,479,225,254,38,0,38,421,151,270,54,17,37,87,48,39,729,305,424
"1140","06","085","504101",1593,70824,1095,717,378,383,260,123,25,5,20,0,0,0,198,121,77,0,0,0,446,300,146,43,31,12,238,163,75,618,418,200
"1141","06","085","504102",1781,73958,1352,892,460,515,379,136,33,33,0,0,0,0,249,223,26,0,0,0,507,209,298,48,48,0,185,163,22,858,446,412
"1142","06","085","504201",1792,138250,1806,1402,404,1230,1045,185,59,35,24,13,0,13,326,247,79,0,0,0,151,69,82,27,6,21,905,772,133,522,354,168
"1143","06","085","504202",2010,134063,1473,1184,289,1006,854,152,6,6,0,10,0,10,289,253,36,0,0,0,138,71,67,24,0,24,815,677,138,339,248,91
"1144","06","085","504307",1747,98667,1716,1191,525,512,390,122,53,44,9,0,0,0,965,606,359,0,0,0,138,103,35,48,48,0,417,333,84,246,163,83
"1145","06","085","504308",1128,121767,1525,1253,272,662,609,53,21,21,0,0,0,0,768,562,206,9,9,0,31,31,0,34,21,13,569,540,29,151,114,37
"1146","06","085","504311",2153,127348,2411,1628,783,414,307,107,18,18,0,0,0,0,1865,1280,585,17,0,17,37,0,37,60,23,37,370,276,94,92,31,61
"1147","06","085","504314",2283,102254,1333,971,362,321,254,67,67,31,36,0,0,0,770,609,161,0,0,0,133,35,98,42,42,0,196,150,46,278,159,119
"1148","06","085","504315",1960,95625,2000,1522,478,533,458,75,52,14,38,0,0,0,1269,961,308,0,0,0,96,49,47,50,40,10,425,350,75,234,157,77
"1149","06","085","504316",2087,100536,1409,1039,370,360,246,114,50,11,39,14,14,0,845,681,164,0,0,0,119,66,53,21,21,0,224,150,74,255,162,93
"1150","06","085","504317",2526,102404,1198,963,235,237,211,26,9,9,0,0,0,0,831,678,153,0,0,0,75,29,46,46,36,10,167,141,26,112,99,13
"1151","06","085","504318",1324,57177,1505,1273,232,332,305,27,11,11,0,17,17,0,805,685,120,0,0,0,340,255,85,0,0,0,248,229,19,433,340,93
"1152","06","085","504319",2049,103153,2061,1433,628,497,333,164,19,0,19,15,15,0,1356,1005,351,0,0,0,107,25,82,67,55,12,436,296,140,184,62,122
"1153","06","085","504320",2572,110875,844,755,89,194,157,37,21,21,0,0,0,0,593,541,52,18,18,0,7,7,0,11,11,0,161,124,37,45,45,0
"1154","06","085","504321",2016,100048,1589,1109,480,355,298,57,19,0,19,0,0,0,1056,748,308,0,0,0,136,40,96,23,23,0,322,281,41,178,66,112
"1155","06","085","504322",1900,121625,2043,748,1295,456,217,239,56,18,38,0,0,0,1384,513,871,0,0,0,118,0,118,29,0,29,370,198,172,204,19,185
"1156","06","085","504323",2189,96250,1893,1031,862,225,108,117,33,8,25,19,0,19,1481,831,650,4,4,0,99,60,39,32,20,12,163,97,66,169,71,98
"1157","06","085","504410",1557,87647,1192,780,412,339,250,89,51,40,11,0,0,0,721,467,254,0,0,0,47,10,37,34,13,21,272,202,70,140,58,82
"1158","06","085","504411",2404,100701,1561,1340,221,451,392,59,20,20,0,9,9,0,883,788,95,0,0,0,114,47,67,84,84,0,375,336,39,210,123,87
"1159","06","085","504412",1715,72095,1342,649,693,251,153,98,44,9,35,0,0,0,786,447,339,0,0,0,206,30,176,55,10,45,167,119,48,303,64,239
"1160","06","085","504413",985,100670,721,435,286,149,83,66,12,12,0,0,0,0,521,327,194,0,0,0,26,5,21,13,8,5,149,83,66,32,5,27
"1161","06","085","504414",2651,140610,1552,1375,177,246,194,52,47,28,19,26,26,0,1159,1053,106,34,34,0,18,18,0,22,22,0,194,162,32,70,50,20
"1162","06","085","504415",2226,124875,1593,1376,217,390,333,57,11,11,0,15,15,0,1065,972,93,0,0,0,82,15,67,30,30,0,356,299,57,131,64,67
"1163","06","085","504416",2285,107500,1116,758,358,319,208,111,51,0,51,0,0,0,663,506,157,0,0,0,55,16,39,28,28,0,269,194,75,105,30,75
"1164","06","085","504417",-666666666,100750,129,96,33,84,56,28,0,0,0,0,0,0,45,40,5,0,0,0,0,0,0,0,0,0,69,56,13,15,0,15
"1165","06","085","504418",1706,86250,1352,705,647,297,199,98,0,0,0,0,0,0,805,450,355,19,0,19,189,47,142,42,9,33,205,167,38,314,79,235
"1166","06","085","504420",2066,113426,1416,987,429,430,340,90,10,10,0,14,14,0,831,573,258,0,0,0,65,38,27,66,12,54,387,297,90,122,95,27
"1167","06","085","504421",2486,120268,1384,1123,261,354,314,40,8,8,0,0,0,0,917,701,216,0,0,0,90,90,0,15,10,5,285,245,40,168,168,0
"1168","06","085","504422",1158,96094,1061,723,338,187,149,38,48,29,19,0,0,0,683,464,219,0,0,0,94,68,26,49,13,36,124,100,24,176,117,59
"1169","06","085","504423",2142,116133,691,568,123,282,197,85,17,17,0,0,0,0,346,325,21,0,0,0,36,24,12,10,5,5,248,173,75,65,48,17
"1170","06","085","504504",1909,104332,2899,1323,1576,388,190,198,76,8,68,0,0,0,2252,1031,1221,0,0,0,137,48,89,46,46,0,388,190,198,137,48,89
"1171","06","085","504505",2277,116791,2020,1356,664,300,179,121,11,11,0,12,12,0,1457,1029,428,61,37,24,134,87,47,45,1,44,244,160,84,202,118,84
"1172","06","085","504506",2141,93558,2244,1038,1206,356,228,128,79,38,41,7,7,0,1674,765,909,0,0,0,76,0,76,52,0,52,276,192,84,178,36,142
"1173","06","085","504507",1700,88191,1831,1236,595,533,418,115,20,0,20,11,0,11,997,637,360,7,7,0,184,145,39,79,29,50,427,329,98,369,256,113
"1174","06","085","504601",1207,65250,353,281,72,279,216,63,9,9,0,0,0,0,46,37,9,0,0,0,8,8,0,11,11,0,224,184,40,63,40,23
"1175","06","085","504602",1546,77734,635,372,263,292,191,101,26,8,18,0,0,0,176,90,86,0,0,0,141,83,58,0,0,0,161,125,36,272,149,123
"1176","06","085","504700",3105,81563,200,0,200,131,0,131,33,0,33,0,0,0,4,0,4,32,0,32,0,0,0,0,0,0,100,0,100,31,0,31
"1177","06","085","504802",2004,81008,1797,1251,546,931,675,256,50,50,0,0,0,0,654,409,245,0,0,0,130,85,45,32,32,0,700,510,190,361,250,111
"1178","06","085","504803",2325,115625,2491,1090,1401,966,535,431,41,0,41,0,0,0,1312,486,826,0,0,0,133,46,87,39,23,16,885,505,380,214,76,138
"1179","06","085","504805",2430,87572,2694,2007,687,1873,1503,370,102,24,78,0,0,0,632,402,230,0,0,0,39,39,0,48,39,9,1757,1423,334,185,149,36
"1180","06","085","504806",2535,101908,775,601,174,364,262,102,16,4,12,0,0,0,328,278,50,0,0,0,51,45,6,16,12,4,241,173,68,178,134,44
"1181","06","085","504901",2461,147904,4123,1404,2719,1064,248,816,74,48,26,17,0,17,2765,1020,1745,0,0,0,31,31,0,172,57,115,1039,248,791,109,56,53
"1182","06","085","505001",2157,124329,3450,1451,1999,1459,500,959,204,107,97,7,7,0,1627,813,814,0,0,0,96,15,81,57,9,48,1173,437,736,399,78,321
"1183","06","085","505006",2612,151180,3251,666,2585,1186,311,875,119,20,99,0,0,0,1864,324,1540,0,0,0,11,11,0,71,0,71,1090,304,786,156,18,138
"1184","06","085","505007",2073,107917,952,575,377,392,239,153,9,9,0,0,0,0,460,288,172,7,0,7,57,17,40,27,22,5,297,202,95,152,54,98
"1185","06","085","505008",2467,127332,2462,0,2462,884,0,884,63,0,63,0,0,0,1374,0,1374,0,0,0,53,0,53,88,0,88,758,0,758,205,0,205
"1186","06","085","505009",2304,100425,3352,1423,1929,1398,741,657,174,19,155,19,19,0,1275,386,889,0,0,0,403,258,145,83,0,83,1165,605,560,659,428,231
"1187","06","085","505100",1348,64676,1670,579,1091,517,173,344,67,20,47,11,0,11,711,234,477,0,0,0,262,136,126,102,16,86,456,150,306,396,180,216
"1188","06","085","505202",1429,68438,2374,609,1765,1305,361,944,110,26,84,0,0,0,698,137,561,0,0,0,187,39,148,74,46,28,852,209,643,668,208,460
"1189","06","085","505203",2395,93271,1447,582,865,802,270,532,40,32,8,0,0,0,397,221,176,0,0,0,127,38,89,81,21,60,701,237,464,267,81,186
"1190","06","085","505301",1660,93816,1412,681,731,567,281,286,108,9,99,0,0,0,541,332,209,14,0,14,154,59,95,28,0,28,419,243,176,320,97,223
"1191","06","085","505302",1805,105042,1387,924,463,849,594,255,37,0,37,0,0,0,419,269,150,0,0,0,30,19,11,52,42,10,672,538,134,219,87,132
"1192","06","085","505303",1670,76105,2163,798,1365,1147,519,628,103,0,103,0,0,0,668,279,389,68,0,68,131,0,131,46,0,46,888,464,424,458,55,403
"1193","06","085","505304",2623,123616,1099,944,155,640,556,84,15,0,15,16,16,0,338,312,26,11,0,11,57,46,11,22,14,8,517,444,73,188,158,30
"1194","06","085","505305",1772,109750,2076,1207,869,965,633,332,54,38,16,0,0,0,1006,518,488,0,0,0,0,0,0,51,18,33,843,580,263,131,53,78
"1195","06","085","505401",2106,103854,2581,676,1905,899,338,561,83,0,83,12,0,12,1426,283,1143,17,17,0,46,0,46,98,38,60,861,313,548,118,42,76
"1196","06","085","505402",1750,105868,1137,677,460,650,419,231,0,0,0,6,6,0,394,212,182,0,0,0,66,35,31,21,5,16,567,343,224,155,117,38
"1197","06","085","505403",1960,82238,2567,844,1723,1235,491,744,61,28,33,19,0,19,1016,229,787,18,18,0,131,64,67,87,14,73,922,412,510,480,147,333
"1198","06","085","505500",1497,90000,1578,827,751,1008,574,434,110,12,98,0,0,0,315,202,113,0,0,0,106,13,93,39,26,13,861,531,330,259,56,203
"1199","06","085","505600",1417,51104,1235,238,997,898,193,705,54,0,54,7,0,7,199,31,168,0,0,0,38,14,24,39,0,39,742,193,549,212,14,198
"1200","06","085","505700",1794,73547,2461,534,1927,1500,416,1084,112,0,112,0,0,0,478,44,434,43,22,21,247,52,195,81,0,81,1296,340,956,451,128,323
"1201","06","085","505800",1953,105000,1550,867,683,1236,737,499,10,0,10,0,0,0,153,101,52,0,0,0,115,0,115,36,29,7,1099,692,407,266,59,207
"1202","06","085","505900",1707,89811,3116,1276,1840,1928,956,972,154,0,154,24,0,24,857,303,554,0,0,0,59,0,59,94,17,77,1539,915,624,490,41,449
"1203","06","085","506000",2086,103222,1814,919,895,1243,618,625,68,22,46,19,11,8,425,251,174,0,0,0,36,0,36,23,17,6,1068,520,548,222,109,113
"1204","06","085","506101",1878,100345,1730,1126,604,1053,741,312,114,23,91,0,0,0,463,340,123,0,0,0,55,0,55,45,22,23,862,694,168,254,47,207
"1205","06","085","506102",2248,119904,1493,995,498,925,676,249,34,0,34,0,0,0,484,280,204,0,0,0,27,27,0,23,12,11,811,579,232,164,147,17
"1206","06","085","506103",1964,113958,1645,1025,620,818,559,259,25,7,18,0,0,0,763,459,304,0,0,0,0,0,0,39,0,39,671,485,186,147,74,73
"1207","06","085","506202",1783,123713,2515,1521,994,1348,914,434,44,0,44,18,0,18,1003,523,480,0,0,0,0,0,0,102,84,18,1174,857,317,205,70,135
"1208","06","085","506203",1779,89583,2379,613,1766,455,111,344,128,42,86,0,0,0,1537,414,1123,0,0,0,197,32,165,62,14,48,422,78,344,230,65,165
"1209","06","085","506204",1648,98438,2086,1417,669,921,684,237,39,0,39,0,0,0,1051,717,334,0,0,0,42,0,42,33,16,17,867,684,183,112,16,96
"1210","06","085","506301",1739,84683,2290,687,1603,1337,493,844,139,19,120,26,26,0,633,149,484,0,0,0,83,0,83,72,0,72,1190,383,807,256,136,120
"1211","06","085","506302",1842,107500,2504,1372,1132,1438,831,607,65,15,50,46,0,46,667,497,170,0,0,0,208,0,208,80,29,51,1240,774,466,406,57,349
"1212","06","085","506304",1774,78147,2088,396,1692,1067,245,822,57,14,43,0,0,0,749,127,622,57,0,57,132,0,132,26,10,16,760,245,515,449,10,439
"1213","06","085","506305",1482,51161,2569,406,2163,1293,269,1024,275,0,275,0,0,0,545,137,408,36,0,36,358,0,358,62,0,62,1032,258,774,684,11,673
"1214","06","085","506401",1830,86056,2103,760,1343,1203,503,700,173,30,143,7,0,7,469,206,263,20,0,20,206,21,185,25,0,25,1030,493,537,405,40,365
"1215","06","085","506402",1610,77089,2253,713,1540,1523,519,1004,189,0,189,0,0,0,262,156,106,28,0,28,190,26,164,61,12,49,1160,465,695,635,80,555
"1216","06","085","506501",1514,49539,2487,808,1679,1289,348,941,141,0,141,0,0,0,644,423,221,0,0,0,356,15,341,57,22,35,702,304,398,947,84,863
"1217","06","085","506502",2131,121053,1878,817,1061,1501,671,830,55,0,55,0,0,0,239,99,140,0,0,0,31,26,5,52,21,31,1297,595,702,247,102,145
"1218","06","085","506503",1646,92004,2609,961,1648,1866,804,1062,36,0,36,0,0,0,427,157,270,0,0,0,201,0,201,79,0,79,1667,787,880,437,17,420
"1219","06","085","506601",1526,94306,1693,842,851,1016,423,593,51,0,51,0,0,0,455,319,136,0,0,0,62,18,44,109,82,27,835,408,427,306,70,236
"1220","06","085","506603",2013,121833,1340,1028,312,816,632,184,7,0,7,14,14,0,393,317,76,31,5,26,18,18,0,61,42,19,733,584,149,129,80,49
"1221","06","085","506604",1762,113622,2562,1982,580,1745,1362,383,23,0,23,0,0,0,671,535,136,0,0,0,24,0,24,99,85,14,1639,1295,344,141,78,63
"1222","06","085","506605",1505,79345,1508,605,903,909,313,596,63,0,63,0,0,0,384,245,139,0,0,0,119,23,96,33,24,9,772,288,484,245,37,208
"1223","06","085","506606",1570,91136,1596,752,844,1023,421,602,9,9,0,34,0,34,370,267,103,0,0,0,111,38,73,49,17,32,876,381,495,300,78,222
"1224","06","085","506701",2126,132401,1253,919,334,884,649,235,0,0,0,0,0,0,289,245,44,10,0,10,35,9,26,35,16,19,840,637,203,86,28,58
"1225","06","085","506702",1770,105313,1935,1022,913,1390,815,575,16,0,16,30,30,0,406,177,229,0,0,0,42,0,42,51,0,51,1209,728,481,238,87,151
"1226","06","085","506703",1906,119896,1308,716,592,944,551,393,36,6,30,0,0,0,203,101,102,0,0,0,18,8,10,107,50,57,839,516,323,138,49,89
"1227","06","085","506801",2002,109432,2172,1485,687,1832,1253,579,22,22,0,0,0,0,224,181,43,0,0,0,14,0,14,80,29,51,1714,1193,521,132,60,72
"1228","06","085","506802",1987,117204,1935,1475,460,1568,1160,408,26,15,11,16,7,9,268,250,18,0,0,0,29,29,0,28,14,14,1493,1109,384,134,87,47
"1229","06","085","506803",1492,125417,2363,1645,718,1844,1207,637,0,0,0,0,0,0,386,348,38,0,0,0,56,56,0,77,34,43,1723,1184,539,226,85,141
"1230","06","085","506804",2461,164091,1278,1095,183,1004,860,144,6,6,0,0,0,0,253,214,39,0,0,0,0,0,0,15,15,0,963,838,125,41,22,19
"1231","06","085","506900",2132,130221,2634,2201,433,2185,1818,367,17,17,0,10,10,0,346,297,49,0,0,0,9,9,0,67,50,17,2094,1727,367,100,100,0
"1232","06","085","507001",1893,152875,2977,2052,925,2711,1881,830,17,0,17,0,0,0,185,144,41,0,0,0,37,0,37,27,27,0,2576,1845,731,200,36,164
"1233","06","085","507002",2070,237656,1005,825,180,870,723,147,6,6,0,0,0,0,85,77,8,0,0,0,0,0,0,44,19,25,847,708,139,23,15,8
"1234","06","085","507100",1675,87500,1282,427,855,1107,386,721,40,0,40,0,0,0,92,34,58,0,0,0,0,0,0,43,7,36,985,365,620,150,21,129
"1235","06","085","507203",2378,147000,1166,582,584,902,434,468,13,13,0,0,0,0,204,112,92,0,0,0,15,0,15,32,23,9,874,413,461,53,31,22
"1236","06","085","507205",1951,149531,1825,1625,200,1579,1396,183,0,0,0,0,0,0,228,219,9,0,0,0,8,0,8,10,10,0,1545,1362,183,42,34,8
"1237","06","085","507206",2193,203250,1055,963,92,886,799,87,0,0,0,0,0,0,153,148,5,0,0,0,8,8,0,8,8,0,858,775,83,36,32,4
"1238","06","085","507301",-666666666,150893,2414,1906,508,1485,1132,353,0,0,0,31,31,0,842,724,118,0,0,0,11,0,11,45,19,26,1396,1056,340,100,76,24
"1239","06","085","507302",3098,171394,1031,784,247,736,544,192,0,0,0,0,0,0,283,228,55,0,0,0,0,0,0,12,12,0,731,544,187,5,0,5
"1240","06","085","507401",3501,176552,1860,1666,194,868,771,97,10,10,0,0,0,0,953,856,97,0,0,0,0,0,0,29,29,0,832,743,89,36,28,8
"1241","06","085","507402",3000,136644,1453,1167,286,969,770,199,24,24,0,0,0,0,407,351,56,0,0,0,41,10,31,12,12,0,870,690,180,109,90,19
"1242","06","085","507500",3089,153472,2028,1839,189,950,818,132,16,16,0,0,0,0,1060,1003,57,0,0,0,0,0,0,2,2,0,925,793,132,25,25,0
"1243","06","085","507600",2310,214375,1962,1722,240,1131,964,167,24,24,0,5,5,0,785,712,73,0,0,0,6,6,0,11,11,0,1093,934,159,38,30,8
"1244","06","085","507701",2250,177045,1372,1080,292,599,418,181,0,0,0,0,0,0,747,645,102,0,0,0,0,0,0,26,17,9,548,398,150,51,20,31
"1245","06","085","507702",3501,194318,2058,1800,258,740,635,105,0,0,0,0,0,0,1289,1153,136,0,0,0,17,0,17,12,12,0,679,574,105,61,61,0
"1246","06","085","507703",2332,152688,2693,1703,990,1295,792,503,0,0,0,0,0,0,1354,898,456,20,0,20,0,0,0,24,13,11,1270,778,492,43,32,11
"1247","06","085","507805",2352,125579,2203,880,1323,848,397,451,69,0,69,0,0,0,1200,483,717,0,0,0,26,0,26,60,0,60,812,397,415,71,9,62
"1248","06","085","507806",2599,145213,1811,620,1191,379,200,179,6,0,6,26,15,11,1369,399,970,0,0,0,6,0,6,25,6,19,357,195,162,44,12,32
"1249","06","085","507807",2383,169000,1052,718,334,246,162,84,0,0,0,0,0,0,762,512,250,11,11,0,9,9,0,24,24,0,238,154,84,42,26,16
"1250","06","085","507808",2898,174917,1773,1352,421,530,391,139,14,0,14,0,0,0,1211,951,260,0,0,0,0,0,0,18,10,8,515,376,139,15,15,0
"1251","06","085","507903",2412,147000,1626,1343,283,563,439,124,0,0,0,5,0,5,1025,893,132,22,0,22,0,0,0,11,11,0,527,427,100,41,12,29
"1252","06","085","507904",3079,185192,1098,979,119,377,330,47,11,11,0,0,0,0,671,599,72,0,0,0,19,19,0,20,20,0,359,322,37,29,19,10
"1253","06","085","507905",1814,130047,2152,1013,1139,697,436,261,0,0,0,11,0,11,1385,577,808,0,0,0,12,0,12,47,0,47,570,355,215,127,81,46
"1254","06","085","507906",3058,154432,1411,1208,203,472,460,12,0,0,0,0,0,0,925,740,185,0,0,0,6,0,6,8,8,0,443,431,12,35,29,6
"1255","06","085","508001",2727,122813,2858,1734,1124,1008,605,403,0,0,0,0,0,0,1832,1129,703,0,0,0,0,0,0,18,0,18,905,571,334,103,34,69
"1256","06","085","508003",2347,121875,770,395,375,323,193,130,0,0,0,11,11,0,414,179,235,0,0,0,6,6,0,16,6,10,308,178,130,33,28,5
"1257","06","085","508004",2163,120315,2210,1138,1072,801,408,393,55,12,43,12,12,0,1304,695,609,0,0,0,16,0,16,22,11,11,711,369,342,129,51,78
"1258","06","085","508101",2731,170295,2327,1481,846,803,514,289,0,0,0,0,0,0,1480,952,528,0,0,0,15,15,0,29,0,29,781,494,287,37,35,2
"1259","06","085","508102",2290,144226,1193,546,647,362,232,130,0,0,0,0,0,0,755,277,478,17,17,0,31,0,31,28,20,8,340,210,130,53,22,31
"1260","06","085","508202",2194,129103,2772,1620,1152,1511,1024,487,78,0,78,0,0,0,1069,555,514,24,0,24,37,17,20,53,24,29,1330,943,387,218,98,120
"1261","06","085","508203",1964,168427,1797,1252,545,760,488,272,14,14,0,0,0,0,1023,750,273,0,0,0,0,0,0,0,0,0,704,478,226,66,20,46
"1262","06","085","508204",2252,144904,1481,1084,397,617,548,69,20,0,20,18,18,0,795,509,286,0,0,0,10,0,10,21,9,12,571,526,45,62,28,34
"1263","06","085","508301",2824,173359,1567,1245,322,929,707,222,10,10,0,0,0,0,608,520,88,12,0,12,0,0,0,8,8,0,872,671,201,57,36,21
"1264","06","085","508303",2558,161250,924,821,103,617,554,63,4,4,0,0,0,0,277,237,40,10,10,0,0,0,0,16,16,0,594,531,63,23,23,0
"1265","06","085","508304",1638,90647,3058,854,2204,1247,502,745,121,22,99,28,0,28,1428,330,1098,51,0,51,99,0,99,84,0,84,1086,489,597,295,13,282
"1266","06","085","508401",2255,161111,2350,1547,803,1374,1062,312,0,0,0,9,9,0,942,466,476,0,0,0,0,0,0,25,10,15,1220,959,261,154,103,51
"1267","06","085","508403",2750,157321,1078,920,158,631,561,70,11,0,11,0,0,0,353,334,19,0,0,0,8,0,8,75,25,50,631,561,70,8,0,8
"1268","06","085","508404",1859,127328,2328,1344,984,1290,827,463,0,0,0,14,0,14,912,473,439,0,0,0,88,44,44,24,0,24,1181,803,378,180,51,129
"1269","06","085","508503",1852,112411,2630,777,1853,855,419,436,0,0,0,0,0,0,1627,337,1290,0,0,0,68,0,68,80,21,59,826,419,407,135,21,114
"1270","06","085","508504",1855,102157,3396,465,2931,1300,253,1047,69,17,52,0,0,0,1869,195,1674,0,0,0,121,0,121,37,0,37,851,236,615,570,17,553
"1271","06","085","508505",2146,134375,1914,1013,901,931,423,508,16,16,0,0,0,0,927,541,386,0,0,0,15,15,0,25,18,7,872,407,465,81,38,43
"1272","06","085","508507",2061,96648,1343,351,992,400,139,261,33,20,13,0,0,0,781,173,608,0,0,0,52,0,52,77,19,58,339,119,220,136,31,105
"1273","06","085","508508",1810,82181,2029,853,1176,895,416,479,22,13,9,0,0,0,970,361,609,14,0,14,48,17,31,80,46,34,705,376,329,256,75,181
"1274","06","085","508601",1721,124567,1355,834,521,724,469,255,24,0,24,0,0,0,461,312,149,0,0,0,82,20,62,64,33,31,601,386,215,236,103,133
"1275","06","085","508602",1983,111038,2016,484,1532,1126,295,831,51,0,51,20,0,20,665,163,502,0,0,0,64,2,62,90,24,66,898,242,656,323,55,268
"1276","06","085","508703",2013,114087,3256,1238,2018,1281,545,736,117,28,89,14,0,14,1632,597,1035,0,0,0,155,38,117,57,30,27,1084,487,597,351,96,255
"1277","06","085","508704",2119,104886,2603,855,1748,1179,364,815,31,0,31,11,0,11,1236,449,787,0,0,0,44,0,44,102,42,60,865,223,642,375,141,234
"1278","06","085","508800",1895,117273,1460,378,1082,776,208,568,47,0,47,0,0,0,577,135,442,0,0,0,25,0,25,35,35,0,497,122,375,338,94,244
"1279","06","085","508900",1696,82652,1700,698,1002,917,385,532,25,9,16,19,0,19,540,275,265,11,0,11,135,20,115,53,9,44,563,308,255,516,97,419
"1280","06","085","509000",1660,78138,2540,1088,1452,1718,702,1016,35,13,22,45,19,26,499,275,224,46,46,0,130,19,111,67,14,53,913,579,334,1010,161,849
"1281","06","085","509102",2258,126094,2274,760,1514,860,442,418,53,20,33,0,0,0,1261,265,996,0,0,0,0,0,0,100,33,67,749,423,326,129,19,110
"1282","06","085","509105",2099,107724,3057,1040,2017,1728,758,970,78,35,43,0,0,0,1136,190,946,0,0,0,45,29,16,70,28,42,1338,634,704,458,167,291
"1283","06","085","509106",1722,98375,1693,544,1149,937,287,650,37,0,37,5,0,5,587,225,362,0,0,0,76,6,70,51,26,25,705,257,448,315,36,279
"1284","06","085","509107",1937,104167,1946,19,1927,825,19,806,61,0,61,0,0,0,939,0,939,0,0,0,80,0,80,41,0,41,656,19,637,259,0,259
"1285","06","085","509108",1715,87153,1967,563,1404,1179,364,815,17,0,17,8,8,0,669,174,495,13,0,13,54,9,45,27,8,19,884,289,595,357,92,265
"1286","06","085","509109",2401,146037,1943,1068,875,1156,623,533,0,0,0,0,0,0,683,400,283,0,0,0,21,0,21,83,45,38,1039,569,470,149,54,95
"1287","06","085","509201",2127,104375,2337,1055,1282,1548,670,878,92,0,92,0,0,0,593,296,297,0,0,0,22,22,0,82,67,15,1256,585,671,364,157,207
"1288","06","085","509202",1836,114696,1885,855,1030,1174,510,664,34,0,34,0,0,0,552,288,264,0,0,0,59,37,22,66,20,46,1021,421,600,228,132,96
"1289","06","085","509302",1874,121071,1222,824,398,869,598,271,14,14,0,0,0,0,259,202,57,0,0,0,62,0,62,18,10,8,831,581,250,100,17,83
"1290","06","085","509303",1488,62152,1743,486,1257,1162,308,854,65,0,65,0,0,0,382,168,214,0,0,0,51,0,51,83,10,73,941,284,657,300,34,266
"1291","06","085","509304",2014,112863,1357,578,779,739,305,434,34,8,26,35,0,35,369,235,134,51,30,21,107,0,107,22,0,22,626,264,362,263,49,214
"1292","06","085","509401",1782,90825,1757,340,1417,934,224,710,89,0,89,0,0,0,676,109,567,8,0,8,8,0,8,42,7,35,843,224,619,99,0,99
"1293","06","085","509403",1843,84091,2052,114,1938,1218,76,1142,41,0,41,28,15,13,497,23,474,0,0,0,231,0,231,37,0,37,994,76,918,483,0,483
"1294","06","085","509404",1959,110552,2683,978,1705,1492,408,1084,62,33,29,0,0,0,804,461,343,15,15,0,256,45,211,54,16,38,1204,332,872,565,121,444
"1295","06","085","509500",1779,86228,2240,403,1837,1490,277,1213,71,0,71,0,0,0,436,86,350,0,0,0,187,11,176,56,29,27,1026,208,818,640,69,571
"1296","06","085","509600",2337,131375,1483,475,1008,1037,343,694,29,0,29,0,0,0,369,125,244,0,0,0,28,7,21,20,0,20,940,328,612,120,22,98
"1297","06","085","509700",2173,114500,1408,540,868,1005,418,587,19,9,10,0,0,0,249,61,188,8,0,8,49,16,33,78,36,42,849,393,456,250,60,190
"1298","06","085","509801",1490,134000,2172,1405,767,1456,1026,430,48,0,48,35,15,20,591,364,227,0,0,0,0,0,0,42,0,42,1327,1011,316,204,15,189
"1299","06","085","509802",1684,164813,1131,749,382,687,460,227,72,19,53,0,0,0,286,227,59,15,0,15,34,14,20,37,29,8,670,460,210,66,29,37
"1300","06","085","509901",2723,182614,689,561,128,505,419,86,0,0,0,0,0,0,155,119,36,6,0,6,0,0,0,23,23,0,505,419,86,11,5,6
"1301","06","085","509902",1716,138594,1839,1234,605,1296,914,382,22,5,17,0,0,0,446,279,167,0,0,0,15,6,9,60,30,30,1197,861,336,137,65,72
"1302","06","085","510001",2983,178029,2063,1897,166,1469,1344,125,0,0,0,0,0,0,532,491,41,0,0,0,0,0,0,62,62,0,1429,1318,111,40,26,14
"1303","06","085","510002",3092,203906,1291,1056,235,897,684,213,9,9,0,0,0,0,364,342,22,0,0,0,11,11,0,10,10,0,853,650,203,55,45,10
"1304","06","085","510100",3501,153583,1081,990,91,832,741,91,0,0,0,0,0,0,226,226,0,0,0,0,7,7,0,16,16,0,802,711,91,30,30,0
"1305","06","085","510200",2725,231333,1440,1297,143,1055,966,89,0,0,0,0,0,0,337,297,40,0,0,0,0,0,0,48,34,14,1020,943,77,35,23,12
"1306","06","085","510300",2487,184706,1716,1315,401,1354,1022,332,0,0,0,0,0,0,345,287,58,0,0,0,0,0,0,17,6,11,1297,1000,297,57,22,35
"1307","06","085","510400",2306,208239,1165,1000,165,804,697,107,0,0,0,0,0,0,303,268,35,0,0,0,0,0,0,58,35,23,788,697,91,25,9,16
"1308","06","085","510500",2579,160875,1891,1528,363,1485,1194,291,0,0,0,0,0,0,393,327,66,0,0,0,0,0,0,13,7,6,1469,1178,291,16,16,0
"1309","06","085","510600",2190,121292,2350,1503,847,1664,1090,574,0,0,0,0,0,0,651,378,273,0,0,0,35,35,0,0,0,0,1409,939,470,290,186,104
"1310","06","085","510700",1889,108583,2046,939,1107,1232,470,762,71,10,61,0,0,0,682,443,239,0,0,0,36,0,36,25,16,9,1133,451,682,135,19,116
"1311","06","085","510801",2016,173313,2210,1611,599,1418,957,461,0,0,0,0,0,0,778,640,138,0,0,0,0,0,0,14,14,0,1359,939,420,59,18,41
"1312","06","085","510802",1872,175417,683,558,125,476,382,94,19,12,7,0,0,0,161,144,17,0,0,0,0,0,0,27,20,7,435,356,79,41,26,15
"1313","06","085","510803",1741,118194,997,593,404,553,387,166,0,0,0,0,0,0,378,162,216,9,9,0,9,0,9,48,35,13,528,377,151,34,10,24
"1314","06","085","510900",2325,122151,2040,1298,742,1347,794,553,26,0,26,0,0,0,628,487,141,0,0,0,0,0,0,39,17,22,1278,787,491,69,7,62
"1315","06","085","511000",2562,164911,2449,1515,934,1532,869,663,19,0,19,7,7,0,819,612,207,46,16,30,0,0,0,26,11,15,1419,851,568,113,18,95
"1316","06","085","511100",2945,205938,1846,1532,314,1252,1057,195,8,8,0,8,8,0,535,442,93,0,0,0,0,0,0,43,17,26,1188,1014,174,82,43,39
"1317","06","085","511200",3207,240156,1670,1250,420,1231,920,311,18,18,0,0,0,0,336,248,88,0,0,0,31,31,0,54,33,21,1223,912,311,36,23,13
"1318","06","085","511301",2319,99219,1801,694,1107,1423,584,839,31,0,31,0,0,0,188,82,106,0,0,0,18,6,12,141,22,119,1336,573,763,99,11,88
"1319","06","085","511302",1706,81029,2136,511,1625,1479,403,1076,0,0,0,0,0,0,604,108,496,0,0,0,0,0,0,53,0,53,1375,370,1005,104,33,71
"1320","06","085","511400",2323,191528,1335,879,456,988,621,367,53,28,25,0,0,0,266,202,64,0,0,0,28,28,0,0,0,0,935,621,314,53,0,53
"1321","06","085","511500",2377,148750,3043,1668,1375,2214,1272,942,49,25,24,31,19,12,515,246,269,27,0,27,0,0,0,207,106,101,2056,1188,868,184,110,74
"1322","06","085","511608",1556,35078,93,4,89,47,4,43,0,0,0,0,0,0,35,0,35,6,0,6,0,0,0,5,0,5,47,4,43,0,0,0
"1323","06","085","511609",2807,100977,1714,211,1503,1333,196,1137,21,0,21,0,0,0,318,15,303,0,0,0,0,0,0,42,0,42,1235,196,1039,98,0,98
"1324","06","085","511701",2351,248750,1565,1343,222,1168,997,171,13,0,13,0,0,0,384,346,38,0,0,0,0,0,0,0,0,0,1130,959,171,38,38,0
"1325","06","085","511702",2750,213229,945,898,47,740,697,43,5,5,0,0,0,0,172,172,0,0,0,0,6,6,0,22,18,4,700,657,43,46,46,0
"1326","06","085","511704",1681,225905,1723,1621,102,1186,1093,93,0,0,0,0,0,0,490,481,9,16,16,0,0,0,0,31,31,0,1172,1079,93,14,14,0
"1327","06","085","511705",1607,188750,357,306,51,257,215,42,5,5,0,0,0,0,85,79,6,0,0,0,0,0,0,10,7,3,245,203,42,19,19,0
"1328","06","085","511707",2865,134844,1206,1070,136,954,818,136,0,0,0,0,0,0,252,252,0,0,0,0,0,0,0,0,0,0,881,799,82,73,19,54
"1329","06","085","511800",1567,134750,1645,1263,382,1495,1158,337,0,0,0,0,0,0,26,26,0,0,0,0,0,0,0,124,79,45,1462,1137,325,44,32,12
"1330","06","085","511905",2083,135972,1063,842,221,688,522,166,0,0,0,0,0,0,364,309,55,0,0,0,0,0,0,11,11,0,579,478,101,120,55,65
"1331","06","085","511907",3000,141161,1344,1092,252,822,645,177,22,14,8,14,14,0,486,419,67,0,0,0,0,0,0,0,0,0,684,592,92,159,74,85
"1332","06","085","511909",3239,201731,2658,2517,141,1544,1418,126,0,0,0,0,0,0,1068,1053,15,0,0,0,0,0,0,46,46,0,1504,1378,126,40,40,0
"1333","06","085","511910",3429,198068,1051,984,67,787,778,9,13,13,0,0,0,0,242,193,49,0,0,0,0,0,0,9,0,9,757,748,9,30,30,0
"1334","06","085","511911",1216,119402,1879,1361,518,1234,921,313,110,14,96,0,0,0,401,368,33,0,0,0,36,11,25,98,47,51,1158,858,300,93,63,30
"1335","06","085","511912",2569,163846,1748,1515,233,923,758,165,35,35,0,0,0,0,685,638,47,0,0,0,22,8,14,83,76,7,891,726,165,44,44,0
"1336","06","085","511913",3501,164375,1427,1356,71,1086,1033,53,7,7,0,0,0,0,284,266,18,9,9,0,34,34,0,7,7,0,974,925,49,146,142,4
"1337","06","085","511914",2557,138676,1918,1736,182,1441,1302,139,9,9,0,7,7,0,358,331,27,8,8,0,41,32,9,54,47,7,1373,1238,135,89,85,4
"1338","06","085","511915",1338,50781,1275,416,859,785,313,472,77,26,51,0,0,0,167,66,101,0,0,0,180,6,174,66,5,61,603,293,310,362,26,336
"1339","06","085","511916",1319,116250,1696,1189,507,1176,781,395,29,21,8,0,0,0,387,297,90,0,0,0,37,30,7,67,60,7,1045,734,311,198,107,91
"1340","06","085","512001",2613,154322,2012,1685,327,863,778,85,40,29,11,0,0,0,993,780,213,0,0,0,78,78,0,38,20,18,667,590,77,292,277,15
"1341","06","085","512005",2366,114669,2217,1673,544,1645,1163,482,51,26,25,0,0,0,321,303,18,5,5,0,115,96,19,80,80,0,1389,990,399,371,269,102
"1342","06","085","512017",1492,78792,2213,1370,843,930,670,260,114,45,69,101,61,40,786,481,305,0,0,0,218,86,132,64,27,37,443,413,30,795,356,439
"1343","06","085","512019",2026,102595,1563,991,572,917,593,324,129,48,81,16,16,0,401,291,110,0,0,0,43,22,21,57,21,36,767,515,252,215,122,93
"1344","06","085","512020",1809,85123,2561,563,1998,1353,201,1152,34,0,34,46,0,46,981,341,640,47,0,47,64,21,43,36,0,36,840,149,691,643,93,550
"1345","06","085","512021",2337,91189,2047,1682,365,1244,952,292,22,7,15,5,5,0,514,479,35,0,0,0,100,77,23,162,162,0,931,818,113,504,302,202
"1346","06","085","512022",1634,64231,1888,1068,820,990,634,356,95,25,70,18,2,16,566,305,261,8,0,8,183,84,99,28,18,10,683,501,182,515,226,289
"1347","06","085","512023",1863,78100,2024,1038,986,1146,686,460,214,62,152,0,0,0,319,165,154,0,0,0,266,65,201,79,60,19,704,408,296,733,377,356
"1348","06","085","512024",1434,90795,1635,931,704,956,640,316,143,22,121,32,0,32,317,163,154,0,0,0,98,61,37,89,45,44,790,579,211,297,112,185
"1349","06","085","512025",2394,105491,1079,850,229,742,601,141,36,36,0,0,0,0,225,192,33,0,0,0,9,9,0,67,12,55,642,532,110,167,81,86
"1350","06","085","512026",1975,82692,1312,872,440,702,486,216,48,26,22,10,10,0,274,254,20,17,17,0,179,62,117,82,17,65,532,410,122,379,148,231
"1351","06","085","512027",1822,77455,1577,619,958,1041,328,713,50,28,22,10,0,10,338,216,122,0,0,0,36,0,36,102,47,55,789,276,513,343,81,262
"1352","06","085","512029",2116,116699,2472,1848,624,1654,1250,404,52,52,0,12,12,0,383,346,37,13,13,0,197,138,59,161,37,124,1439,1093,346,422,321,101
"1353","06","085","512030",2750,135078,993,836,157,653,545,108,35,20,15,0,0,0,199,199,0,0,0,0,75,46,29,31,26,5,571,492,79,147,89,58
"1354","06","085","512031",2582,118618,1369,1092,277,1041,813,228,7,7,0,17,0,17,191,159,32,0,0,0,38,38,0,75,75,0,855,708,147,235,143,92
"1355","06","085","512032",2278,112159,1006,842,164,784,637,147,23,23,0,15,15,0,117,108,9,12,12,0,14,14,0,41,33,8,534,499,35,287,175,112
"1356","06","085","512033",1938,117386,2033,1393,640,1384,955,429,73,44,29,4,4,0,404,298,106,0,0,0,120,46,74,48,46,2,954,818,136,565,198,367
"1357","06","085","512034",2406,117841,1019,787,232,746,562,184,12,0,12,0,0,0,155,145,10,0,0,0,79,53,26,27,27,0,606,504,102,236,128,108
"1358","06","085","512035",1716,120482,1412,1083,329,933,684,249,69,63,6,0,0,0,213,186,27,0,0,0,152,112,40,45,38,7,732,579,153,375,239,136
"1359","06","085","512036",2296,102200,1888,576,1312,1021,312,709,104,0,104,0,0,0,607,214,393,0,0,0,89,29,60,67,21,46,801,278,523,318,63,255
"1360","06","085","512037",2407,119886,975,807,168,723,602,121,17,17,0,0,0,0,140,109,31,0,0,0,50,38,12,45,41,4,630,542,88,147,102,45
"1361","06","085","512038",1939,89297,1073,715,358,628,446,182,80,47,33,0,0,0,211,161,50,0,0,0,75,52,23,79,9,70,424,312,112,362,186,176
"1362","06","085","512039",2201,106217,1339,1046,293,573,419,154,99,84,15,0,0,0,535,422,113,0,0,0,48,37,11,84,84,0,375,317,58,298,191,107
"1363","06","085","512042",1381,68500,868,497,371,386,196,190,44,23,21,0,0,0,291,212,79,0,0,0,98,54,44,49,12,37,148,92,56,373,170,203
"1364","06","085","512043",1364,51000,1592,611,981,658,307,351,113,32,81,0,0,0,379,150,229,0,0,0,335,81,254,107,41,66,270,204,66,820,238,582
"1365","06","085","512045",2342,108289,1808,1540,268,1316,1152,164,63,45,18,0,0,0,273,238,35,0,0,0,91,52,39,65,53,12,1012,902,110,419,314,105
"1366","06","085","512047",2007,114242,1708,1333,375,1261,975,286,0,0,0,0,0,0,310,262,48,0,0,0,86,82,4,51,14,37,1022,830,192,325,227,98
"1367","06","085","512052",2036,91667,1762,764,998,1325,609,716,56,0,56,15,15,0,198,100,98,0,0,0,72,33,39,96,7,89,1148,564,584,292,93,199
"1368","06","085","512053",1578,85495,1433,940,493,883,646,237,99,71,28,10,0,10,263,155,108,0,0,0,113,31,82,65,37,28,591,521,70,432,167,265
"1369","06","085","512100",1714,87604,455,285,170,350,209,141,0,0,0,2,2,0,61,61,0,0,0,0,42,13,29,0,0,0,223,147,76,169,75,94
"1370","06","085","512200",1490,132582,1657,1416,241,1371,1142,229,26,14,12,0,0,0,169,169,0,0,0,0,20,20,0,71,71,0,1189,1000,189,243,203,40
"1371","06","085","512305",1827,116250,1480,1201,279,1156,917,239,41,41,0,17,0,17,212,189,23,0,0,0,28,28,0,26,26,0,997,816,181,187,129,58
"1372","06","085","512307",2028,100583,2359,1906,453,1956,1586,370,20,20,0,15,15,0,195,157,38,40,20,20,65,65,0,68,43,25,1578,1319,259,522,366,156
"1373","06","085","512308",2515,140500,2464,2071,393,1751,1552,199,60,60,0,0,0,0,277,234,43,0,0,0,193,155,38,183,70,113,1575,1376,199,331,310,21
"1374","06","085","512309",2122,112917,1712,1403,309,1394,1180,214,85,38,47,0,0,0,98,98,0,0,0,0,86,38,48,49,49,0,1262,1134,128,229,95,134
"1375","06","085","512310",1470,55951,1447,567,880,1001,376,625,13,0,13,0,0,0,238,175,63,0,0,0,146,0,146,49,16,33,601,331,270,552,45,507
"1376","06","085","512311",1214,93047,1189,940,249,875,679,196,48,48,0,0,0,0,147,114,33,0,0,0,78,58,20,41,41,0,670,520,150,289,223,66
"1377","06","085","512312",2211,108681,1079,875,204,854,680,174,30,24,6,7,7,0,65,60,5,6,6,0,72,72,0,45,26,19,656,527,129,282,233,49
"1378","06","085","512313",1587,76132,1186,447,739,979,370,609,32,23,9,8,0,8,58,32,26,0,0,0,109,22,87,0,0,0,585,324,261,513,68,445
"1379","06","085","512314",1398,68000,2158,1241,917,1611,927,684,86,6,80,31,22,9,103,80,23,0,0,0,258,175,83,69,31,38,1186,733,453,735,391,344
"1380","06","085","512401",1662,115259,1420,1027,393,1182,889,293,20,20,0,21,21,0,39,39,0,0,0,0,108,18,90,50,40,10,846,659,187,468,272,196
"1381","06","085","512402",1526,105882,1446,1071,375,1113,833,280,14,2,12,8,8,0,120,109,11,0,0,0,133,64,69,58,55,3,829,706,123,438,210,228
"1382","06","085","512503",3226,138891,2731,2356,375,2107,1819,288,92,37,55,0,0,0,281,269,12,0,0,0,43,43,0,208,188,20,1586,1376,210,650,572,78
"1383","06","085","512505",1678,87227,2186,1163,1023,1786,936,850,21,21,0,0,0,0,124,78,46,0,0,0,153,67,86,102,61,41,916,598,318,1061,426,635
"1384","06","085","512506",1192,56596,1906,858,1048,1367,601,766,28,0,28,37,8,29,161,143,18,0,0,0,288,88,200,25,18,7,401,282,119,1271,415,856
"1385","06","085","512508",1446,77727,2630,1407,1223,2152,1235,917,30,8,22,10,0,10,37,37,0,0,0,0,331,109,222,70,18,52,1100,853,247,1399,491,908
"1386","06","085","512509",1532,81328,1227,988,239,1006,874,132,52,43,9,11,0,11,49,29,20,0,0,0,90,31,59,19,11,8,635,605,30,491,311,180
"1387","06","085","512510",1591,85225,2258,1287,971,1701,1083,618,51,31,20,13,13,0,240,96,144,0,0,0,211,22,189,42,42,0,1130,809,321,795,309,486
"1388","06","085","512602",1322,85750,802,482,320,676,400,276,4,0,4,0,0,0,84,71,13,0,0,0,35,11,24,3,0,3,375,304,71,343,107,236
"1389","06","085","512603",1341,44455,1101,233,868,785,141,644,15,0,15,31,0,31,44,23,21,0,0,0,210,69,141,16,0,16,177,74,103,854,136,718
"1390","06","085","512604",1466,37234,1174,381,793,879,313,566,11,0,11,27,7,20,38,38,0,0,0,0,199,19,180,20,4,16,180,96,84,945,247,698
"1391","06","085","513000",1537,35287,2223,10,2213,1135,10,1125,52,0,52,0,0,0,923,0,923,17,0,17,0,0,0,96,0,96,1057,10,1047,110,0,110
"1392","06","085","513500",1036,101111,306,209,97,267,179,88,0,0,0,0,0,0,30,30,0,0,0,0,0,0,0,9,0,9,233,150,83,38,33,5
"1393","06","095","250103",1318,65668,1547,925,622,493,347,146,460,187,273,0,0,0,394,264,130,20,20,0,116,73,43,64,34,30,419,297,122,206,131,75
"1394","06","095","250104",1934,81389,814,585,229,381,212,169,93,87,6,5,5,0,287,233,54,0,0,0,28,28,0,20,20,0,371,202,169,30,30,0
"1395","06","095","250105",1479,87950,2207,1388,819,513,271,242,485,315,170,0,0,0,1119,767,352,25,25,0,0,0,0,65,10,55,491,263,228,174,160,14
"1396","06","095","250106",2699,149479,1396,1253,143,500,444,56,221,193,28,0,0,0,590,531,59,9,9,0,20,20,0,56,56,0,423,367,56,122,122,0
"1397","06","095","250200",1353,47941,1472,709,763,775,574,201,320,26,294,0,0,0,179,46,133,0,0,0,56,31,25,142,32,110,626,546,80,269,83,186
"1398","06","095","250300",1404,48913,1114,667,447,693,475,218,195,111,84,0,0,0,209,72,137,0,0,0,9,9,0,8,0,8,465,347,118,235,128,107
"1399","06","095","250400",1259,45705,1034,633,401,572,366,206,189,40,149,39,39,0,107,99,8,0,0,0,76,61,15,51,28,23,456,325,131,231,141,90
"1400","06","095","250501",1667,56250,776,522,254,515,364,151,65,16,49,0,0,0,64,54,10,0,0,0,67,53,14,65,35,30,375,294,81,224,140,84
"1401","06","095","250502",1790,62733,1000,699,301,518,344,174,185,88,97,0,0,0,158,140,18,0,0,0,75,75,0,64,52,12,444,314,130,169,113,56
"1402","06","095","250601",1660,61029,1560,1017,543,845,508,337,418,345,73,0,0,0,120,78,42,26,0,26,40,36,4,111,50,61,534,315,219,353,231,122
"1403","06","095","250604",1564,84734,1384,960,424,662,476,186,267,166,101,0,0,0,329,242,87,21,21,0,42,8,34,63,47,16,574,412,162,161,103,58
"1404","06","095","250605",1901,88188,1577,1092,485,693,406,287,352,233,119,0,0,0,451,384,67,0,0,0,10,10,0,71,59,12,558,382,176,153,42,111
"1405","06","095","250701",1121,40500,1132,639,493,611,395,216,270,157,113,0,0,0,76,21,55,0,0,0,56,45,11,119,21,98,286,216,70,389,232,157
"1406","06","095","250801",1323,52054,1436,747,689,764,513,251,403,134,269,7,0,7,160,86,74,52,0,52,12,0,12,38,14,24,594,393,201,198,120,78
"1407","06","095","250900",668,20039,1207,101,1106,364,56,308,510,7,503,0,0,0,224,38,186,0,0,0,64,0,64,45,0,45,236,56,180,232,4,228
"1408","06","095","251000",1130,47841,1058,275,783,580,206,374,327,46,281,0,0,0,59,16,43,0,0,0,43,0,43,49,7,42,425,166,259,212,40,172
"1409","06","095","251100",1220,45072,1105,406,699,612,226,386,189,74,115,9,0,9,87,23,64,19,19,0,101,50,51,88,14,74,383,154,229,354,146,208
"1410","06","095","251200",1108,42794,1282,534,748,727,392,335,316,58,258,23,7,16,72,29,43,0,0,0,85,33,52,59,15,44,406,246,160,442,196,246
"1411","06","095","251300",1589,74063,1179,876,303,811,738,73,197,55,142,16,16,0,99,38,61,22,22,0,23,7,16,11,0,11,704,631,73,144,119,25
"1412","06","095","251400",1183,61583,2126,1335,791,1237,911,326,437,200,237,0,0,0,302,148,154,51,0,51,0,0,0,99,76,23,1085,871,214,252,119,133
"1413","06","095","251500",1075,36193,1464,396,1068,707,328,379,453,23,430,0,0,0,175,36,139,0,0,0,46,0,46,83,9,74,399,221,178,418,116,302
"1414","06","095","251600",978,31161,1069,183,886,527,112,415,366,22,344,0,0,0,41,0,41,0,0,0,62,18,44,73,31,42,470,100,370,138,49,89
"1415","06","095","251701",1062,40476,1368,513,855,799,312,487,281,108,173,41,4,37,162,32,130,0,0,0,48,31,17,37,26,11,646,269,377,236,96,140
"1416","06","095","251702",1300,70575,937,516,421,282,127,155,332,170,162,0,0,0,206,162,44,48,20,28,43,31,12,26,6,20,254,113,141,66,40,26
"1417","06","095","251802",785,17601,1213,311,902,487,177,310,226,11,215,0,0,0,405,115,290,0,0,0,19,8,11,76,0,76,327,116,211,196,69,127
"1418","06","095","251803",1671,71611,1384,945,439,620,450,170,187,91,96,0,0,0,334,212,122,11,0,11,179,150,29,53,42,11,404,298,106,432,339,93
"1419","06","095","251804",1775,73587,972,695,277,385,321,64,115,53,62,0,0,0,400,284,116,0,0,0,45,28,17,27,9,18,156,114,42,292,253,39
"1420","06","095","251901",1194,41830,1829,730,1099,911,289,622,582,223,359,9,9,0,257,153,104,0,0,0,44,44,0,26,12,14,621,234,387,360,103,257
"1421","06","095","251902",1549,56233,1773,1007,766,623,407,216,450,162,288,0,0,0,386,288,98,50,23,27,96,64,32,168,63,105,352,207,145,483,295,188
"1422","06","095","251903",1592,79539,1653,1130,523,446,261,185,693,526,167,0,0,0,387,256,131,37,9,28,66,54,12,24,24,0,183,92,91,329,223,106
"1423","06","095","252000",1279,62361,2148,1111,1037,1698,943,755,151,0,151,44,44,0,185,66,119,0,0,0,49,49,0,21,9,12,1621,891,730,160,101,59
"1424","06","095","252102",1471,64661,1473,886,587,1149,734,415,105,21,84,6,0,6,79,72,7,0,0,0,71,17,54,63,42,21,1005,668,337,201,95,106
"1425","06","095","252103",1248,71214,1980,993,987,700,319,381,465,214,251,26,5,21,598,364,234,43,0,43,40,40,0,108,51,57,509,273,236,324,96,228
"1426","06","095","252104",1413,140405,1812,1551,261,1183,1058,125,129,111,18,0,0,0,353,307,46,0,0,0,48,48,0,99,27,72,1083,994,89,158,122,36
"1427","06","095","252105",1753,89310,1250,998,252,981,769,212,77,58,19,0,0,0,130,109,21,0,0,0,18,18,0,44,44,0,851,699,152,157,97,60
"1428","06","095","252106",1500,93936,1717,1081,636,1326,857,469,115,50,65,8,8,0,211,109,102,11,11,0,9,9,0,37,37,0,1125,730,395,253,179,74
"1429","06","095","252107",1449,84239,1404,1105,299,1143,957,186,60,60,0,0,0,0,131,34,97,0,0,0,8,0,8,62,54,8,1087,934,153,93,44,49
"1430","06","095","252108",1387,75662,1345,861,484,1072,717,355,114,42,72,0,0,0,80,23,57,10,10,0,22,22,0,47,47,0,988,663,325,138,101,37
"1431","06","095","252201",2302,118150,3030,2477,553,1865,1607,258,241,165,76,0,0,0,569,497,72,40,0,40,157,100,57,158,108,50,1685,1517,168,291,190,101
"1432","06","095","252202",2124,102083,3191,2639,552,1557,1359,198,212,175,37,0,0,0,858,650,208,37,19,18,358,307,51,169,129,40,1411,1213,198,566,505,61
"1433","06","095","252305",1602,98056,1680,1219,461,1131,859,272,136,109,27,20,20,0,304,174,130,0,0,0,69,50,19,20,7,13,935,707,228,334,222,112
"1434","06","095","252306",1383,88162,1241,943,298,931,745,186,159,77,82,0,0,0,104,79,25,0,0,0,23,23,0,24,19,5,810,632,178,152,144,8
"1435","06","095","252310",2399,115221,1261,937,324,923,679,244,102,68,34,0,0,0,181,144,37,0,0,0,16,16,0,39,30,9,801,567,234,129,119,10
"1436","06","095","252311",1848,109821,1449,1069,380,891,674,217,236,143,93,0,0,0,204,185,19,0,0,0,9,9,0,109,58,51,738,564,174,183,136,47
"1437","06","095","252312",1475,65495,1342,679,663,883,451,432,188,67,121,31,24,7,162,87,75,40,24,16,0,0,0,38,26,12,673,352,321,242,123,119
"1438","06","095","252313",1227,86595,2193,1270,923,1179,844,335,457,82,375,0,0,0,391,315,76,0,0,0,136,14,122,30,15,15,1046,775,271,269,83,186
"1439","06","095","252314",1535,65288,1361,764,597,707,368,339,164,77,87,12,0,12,186,113,73,113,113,0,90,28,62,89,65,24,638,319,319,184,108,76
"1440","06","095","252315",1743,96532,1436,1155,281,769,665,104,253,169,84,0,0,0,237,212,25,22,22,0,42,8,34,113,79,34,668,590,78,180,107,73
"1441","06","095","252316",1662,85833,1138,671,467,589,410,179,230,109,121,0,0,0,161,123,38,0,0,0,59,6,53,99,23,76,479,315,164,181,113,68
"1442","06","095","252317",2019,112149,2153,1546,607,1022,727,295,393,310,83,14,0,14,558,429,129,21,0,21,72,20,52,73,60,13,848,660,188,279,107,172
"1443","06","095","252401",1450,57361,1313,655,658,704,415,289,171,71,100,0,0,0,169,39,130,0,0,0,221,82,139,48,48,0,517,316,201,434,207,227
"1444","06","095","252402",899,47298,1749,707,1042,865,354,511,293,99,194,35,35,0,231,100,131,18,0,18,223,96,127,84,23,61,550,288,262,583,181,402
"1445","06","095","252501",1008,40033,913,257,656,408,178,230,149,8,141,29,0,29,78,15,63,0,0,0,193,56,137,56,0,56,296,135,161,327,99,228
"1446","06","095","252502",1048,35200,654,114,540,375,91,284,89,7,82,0,0,0,44,0,44,0,0,0,96,10,86,50,6,44,325,67,258,169,34,135
"1447","06","095","252604",967,34909,1038,357,681,472,175,297,170,56,114,0,0,0,123,17,106,37,37,0,138,39,99,98,33,65,294,143,151,323,78,245
"1448","06","095","252605",1048,36750,1895,597,1298,755,335,420,447,59,388,73,20,53,206,90,116,53,0,53,321,78,243,40,15,25,488,267,221,700,198,502
"1449","06","095","252606",942,43304,1632,557,1075,710,293,417,358,72,286,0,0,0,213,59,154,5,0,5,294,94,200,52,39,13,476,228,248,535,166,369
"1450","06","095","252607",1009,34787,1150,405,745,536,285,251,180,35,145,0,0,0,69,13,56,19,6,13,317,43,274,29,23,6,294,239,55,569,89,480
"1451","06","095","252608",1193,49722,1288,512,776,498,253,245,352,114,238,17,17,0,100,26,74,0,0,0,281,95,186,40,7,33,373,219,154,440,146,294
"1452","06","095","252610",1492,65179,1028,647,381,559,370,189,238,91,147,0,0,0,83,64,19,0,0,0,105,105,0,43,17,26,407,292,115,290,190,100
"1453","06","095","252611",1176,41563,1074,481,593,376,238,138,367,136,231,22,0,22,75,64,11,27,21,6,84,11,73,123,11,112,218,128,90,335,132,203
"1454","06","095","252702",1492,73776,2239,1277,962,948,534,414,469,285,184,28,12,16,544,350,194,0,0,0,106,37,69,144,59,85,746,432,314,366,157,209
"1455","06","095","252703",1613,66944,1218,686,532,448,206,242,272,222,50,0,0,0,289,216,73,0,0,0,171,42,129,38,0,38,355,199,156,273,58,215
"1456","06","095","252704",1185,57992,1655,840,815,735,496,239,401,129,272,23,18,5,257,72,185,0,0,0,152,98,54,87,27,60,578,387,191,321,210,111
"1457","06","095","252705",1756,73987,1787,1218,569,801,594,207,374,218,156,49,27,22,274,212,62,86,62,24,124,87,37,79,18,61,592,463,129,370,228,142
"1458","06","095","252706",2199,86654,1193,947,246,716,556,160,171,108,63,0,0,0,195,175,20,0,0,0,65,65,0,46,43,3,586,444,142,219,192,27
"1459","06","095","252707",1407,48299,1677,991,686,835,620,215,375,71,304,10,0,10,153,86,67,0,0,0,171,99,72,133,115,18,654,523,131,416,238,178
"1460","06","095","252801",1806,55682,840,13,827,538,0,538,112,13,99,0,0,0,85,0,85,13,0,13,20,0,20,72,0,72,461,0,461,124,0,124
"1461","06","095","252802",1748,55000,280,0,280,212,0,212,46,0,46,0,0,0,4,0,4,0,0,0,0,0,0,18,0,18,191,0,191,21,0,21
"1462","06","095","252903",1145,108625,1665,1374,291,1500,1227,273,20,20,0,2,2,0,41,33,8,9,9,0,60,60,0,33,23,10,1410,1181,229,141,97,44
"1463","06","095","252904",1647,95580,2254,1513,741,1513,1001,512,150,107,43,20,9,11,225,198,27,0,0,0,173,117,56,173,81,92,1354,895,459,405,278,127
"1464","06","095","252908",1456,72839,1283,577,706,1048,502,546,42,22,20,0,0,0,83,9,74,0,0,0,59,22,37,51,22,29,911,405,506,204,119,85
"1465","06","095","252909",1897,92188,1050,834,216,858,702,156,51,51,0,23,8,15,55,41,14,0,0,0,41,10,31,22,22,0,775,646,129,144,86,58
"1466","06","095","252910",1747,88539,2009,1355,654,1441,916,525,194,126,68,0,0,0,74,57,17,13,13,0,74,61,13,213,182,31,1260,806,454,265,181,84
"1467","06","095","252911",1135,46364,2728,1606,1122,2389,1390,999,39,25,14,6,6,0,88,63,25,0,0,0,126,57,69,80,65,15,2252,1331,921,274,116,158
"1468","06","095","252912",2179,108056,1836,1334,502,1464,1153,311,117,73,44,0,0,0,151,44,107,6,6,0,41,30,11,57,28,29,1274,979,295,251,215,36
"1469","06","095","252913",1820,84731,1628,1113,515,1199,792,407,141,116,25,11,0,11,88,58,30,22,0,22,71,71,0,96,76,20,1020,672,348,281,211,70
"1470","06","095","252914",1460,86653,1801,1221,580,1239,874,365,222,63,159,10,0,10,193,178,15,0,0,0,66,66,0,71,40,31,1092,783,309,245,157,88
"1471","06","095","252915",2209,122743,1287,1102,185,748,672,76,165,121,44,0,0,0,214,190,24,0,0,0,93,93,0,67,26,41,607,531,76,238,238,0
"1472","06","095","253000",-666666666,-666666666,0,0,0,0,0,0,0,0,0,0,0,0,0,0,0,0,0,0,0,0,0,0,0,0,0,0,0,0,0,0
"1473","06","095","253101",1249,57372,2047,1106,941,1729,976,753,77,36,41,32,0,32,15,7,8,14,14,0,107,0,107,73,73,0,1425,841,584,405,152,253
"1474","06","095","253105",1318,48955,2408,739,1669,1668,573,1095,181,58,123,64,15,49,162,34,128,0,0,0,45,45,0,288,14,274,1427,488,939,427,145,282
"1475","06","095","253106",1432,72532,1259,658,601,926,522,404,127,20,107,10,10,0,81,38,43,0,0,0,89,63,26,26,5,21,849,469,380,185,126,59
"1476","06","095","253107",1363,53193,2325,1091,1234,1675,972,703,173,71,102,0,0,0,75,16,59,0,0,0,267,17,250,135,15,120,1442,855,587,539,149,390
"1477","06","095","253108",1154,70533,1612,955,657,1123,760,363,163,19,144,0,0,0,130,108,22,6,6,0,54,0,54,136,62,74,907,630,277,279,139,140
"1478","06","095","253201",2078,100692,1819,1598,221,1598,1414,184,99,79,20,0,0,0,27,27,0,0,0,0,27,10,17,68,68,0,1467,1293,174,183,156,27
"1479","06","095","253203",1377,68011,1429,696,733,1175,587,588,88,48,40,6,0,6,32,16,16,0,0,0,101,35,66,27,10,17,1034,541,493,268,98,170
"1480","06","095","253204",1019,67101,2351,1166,1185,1572,883,689,253,71,182,0,0,0,98,54,44,0,0,0,263,73,190,165,85,80,1344,843,501,603,188,415
"1481","06","095","253205",1341,68833,990,556,434,680,441,239,60,8,52,0,0,0,36,22,14,0,0,0,167,63,104,47,22,25,588,376,212,265,134,131
"1482","06","095","253206",2201,104141,1005,767,238,815,638,177,27,17,10,0,0,0,96,45,51,0,0,0,28,28,0,39,39,0,704,541,163,139,125,14
"1483","06","095","253300",1104,84476,913,490,423,675,412,263,0,0,0,8,0,8,20,20,0,0,0,0,182,30,152,28,28,0,639,407,232,226,35,191
"1484","06","095","253402",1149,63731,2204,1363,841,1593,1026,567,50,20,30,31,13,18,57,0,57,0,0,0,402,250,152,71,54,17,1149,714,435,919,600,319
"1485","06","095","253403",1684,88384,1521,1287,234,1227,1031,196,10,0,10,0,0,0,62,62,0,0,0,0,169,152,17,53,42,11,1058,942,116,374,266,108
"1486","06","095","253404",1109,66929,2191,1388,803,1667,1149,518,136,7,129,0,0,0,38,26,12,25,25,0,213,103,110,112,78,34,1343,980,363,593,328,265
"1487","06","095","253500",1282,52903,4405,3189,1216,3460,2518,942,319,253,66,25,0,25,371,336,35,0,0,0,187,50,137,43,32,11,3299,2404,895,331,147,184
"1488","06","095","980000",-666666666,-666666666,0,0,0,0,0,0,0,0,0,0,0,0,0,0,0,0,0,0,0,0,0,0,0,0,0,0,0,0,0,0
"1489","06","097","150100",1313,98603,1025,751,274,1000,726,274,0,0,0,13,13,0,0,0,0,0,0,0,7,7,0,5,5,0,983,718,265,24,15,9
"1490","06","097","150202",1380,78971,2348,1558,790,2129,1422,707,0,0,0,0,0,0,29,29,0,0,0,0,150,99,51,40,8,32,1928,1319,609,351,202,149
"1491","06","097","150203",1615,55801,2273,1284,989,2119,1229,890,0,0,0,0,0,0,55,55,0,0,0,0,78,0,78,21,0,21,2044,1229,815,174,0,174
"1492","06","097","150204",1433,75186,1741,918,823,1621,892,729,0,0,0,13,5,8,12,0,12,0,0,0,68,10,58,27,11,16,1577,858,719,112,44,68
"1493","06","097","150303",1620,69745,2292,1921,371,2235,1864,371,0,0,0,15,15,0,17,17,0,0,0,0,0,0,0,25,25,0,2184,1829,355,66,50,16
"1494","06","097","150304",1388,83676,2182,1312,870,1824,1251,573,17,17,0,13,0,13,0,0,0,35,0,35,270,44,226,23,0,23,1603,1192,411,520,103,417
"1495","06","097","150305",1213,50997,1789,879,910,1267,729,538,12,0,12,0,0,0,29,20,9,0,0,0,463,112,351,18,18,0,749,583,166,981,258,723
"1496","06","097","150306",1126,59779,1645,1095,550,1388,967,421,0,0,0,5,0,5,27,10,17,0,0,0,211,106,105,14,12,2,1269,907,362,333,169,164
"1497","06","097","150500",1319,72049,2185,1439,746,2140,1406,734,0,0,0,12,0,12,33,33,0,0,0,0,0,0,0,0,0,0,2082,1392,690,70,14,56
"1498","06","097","150601",1498,83056,1378,931,447,1083,806,277,0,0,0,11,0,11,46,23,23,16,16,0,199,63,136,23,23,0,923,770,153,371,108,263
"1499","06","097","150602",2106,82910,1460,1299,161,1233,1081,152,0,0,0,0,0,0,113,113,0,0,0,0,79,70,9,35,35,0,1133,981,152,154,145,9
"1500","06","097","150603",1171,65580,2561,1535,1026,2186,1366,820,0,0,0,0,0,0,111,49,62,0,0,0,227,120,107,37,0,37,2097,1345,752,315,132,183
"1501","06","097","150607",1845,110147,1770,1388,382,1572,1254,318,11,11,0,4,4,0,92,58,34,0,0,0,61,31,30,30,30,0,1490,1205,285,147,84,63
"1502","06","097","150609",1632,56304,1948,1439,509,1664,1239,425,7,7,0,0,0,0,107,107,0,0,0,0,145,74,71,25,12,13,1447,1093,354,362,220,142
"1503","06","097","150610",1895,92917,1359,1073,286,1138,943,195,0,0,0,0,0,0,82,65,17,0,0,0,76,19,57,63,46,17,1078,894,184,160,87,73
"1504","06","097","150611",1695,86929,1547,799,748,1193,652,541,77,31,46,0,0,0,134,94,40,0,0,0,115,13,102,28,9,19,1077,575,502,281,121,160
"1505","06","097","150612",2073,105035,1627,1165,462,1388,961,427,10,0,10,5,5,0,76,76,0,0,0,0,92,79,13,56,44,12,1341,929,412,139,124,15
"1506","06","097","150701",1491,60461,2061,919,1142,1684,823,861,0,0,0,0,0,0,58,12,46,0,0,0,228,25,203,91,59,32,1646,785,861,298,63,235
"1507","06","097","150702",1817,101964,1819,1402,417,1693,1317,376,0,0,0,0,0,0,57,57,0,0,0,0,33,20,13,36,8,28,1606,1266,340,120,71,49
"1508","06","097","150800",1416,78864,2008,1036,972,1738,999,739,24,0,24,0,0,0,61,37,24,0,0,0,120,0,120,65,0,65,1636,963,673,255,36,219
"1509","06","097","150901",1136,60000,2002,1077,925,1619,906,713,70,0,70,23,8,15,29,29,0,0,0,0,195,96,99,66,38,28,1479,862,617,353,130,223
"1510","06","097","150902",1578,82527,1397,941,456,1344,910,434,0,0,0,10,0,10,0,0,0,0,0,0,5,5,0,38,26,12,1278,855,423,72,55,17
"1511","06","097","151000",1332,75461,1512,893,619,1345,841,504,14,8,6,3,3,0,51,37,14,0,0,0,63,0,63,36,4,32,1223,795,428,201,46,155
"1512","06","097","151100",1678,75923,1891,1146,745,1748,1094,654,13,7,6,15,9,6,14,8,6,0,0,0,87,14,73,14,14,0,1651,1055,596,188,57,131
"1513","06","097","151201",1293,49554,2799,1786,1013,2091,1309,782,24,24,0,0,0,0,161,30,131,0,0,0,439,394,45,84,29,55,1980,1270,710,567,450,117
"1514","06","097","151203",1503,71706,1896,1128,768,1734,1027,707,10,10,0,0,0,0,48,41,7,0,0,0,62,17,45,42,33,9,1607,954,653,215,107,108
"1515","06","097","151204",1296,60321,1326,763,563,1065,638,427,29,21,8,0,0,0,41,16,25,0,0,0,71,23,48,120,65,55,993,588,405,158,73,85
"1516","06","097","151301",1192,58852,1599,824,775,1208,666,542,56,0,56,0,0,0,74,26,48,0,0,0,162,75,87,99,57,42,1030,590,440,380,174,206
"1517","06","097","151305",1192,43867,2366,590,1776,1842,417,1425,57,39,18,11,0,11,87,47,40,0,0,0,304,70,234,65,17,48,1606,359,1247,586,128,458
"1518","06","097","151306",1361,54836,1550,872,678,1275,759,516,16,10,6,6,0,6,105,55,50,0,0,0,89,19,70,59,29,30,1194,732,462,182,46,136
"1519","06","097","151307",1906,84557,1958,1420,538,1654,1266,388,22,0,22,38,0,38,70,70,0,0,0,0,64,40,24,110,44,66,1517,1181,336,251,125,126
"1520","06","097","151308",1432,55385,1914,992,922,1625,892,733,55,14,41,0,0,0,51,8,43,0,0,0,98,78,20,85,0,85,1537,835,702,211,119,92
"1521","06","097","151309",1600,83772,1968,1288,680,1776,1209,567,46,0,46,0,0,0,83,52,31,6,0,6,28,13,15,29,14,15,1576,1064,512,291,174,117
"1522","06","097","151310",1473,63778,1491,747,744,1196,619,577,10,10,0,0,0,0,113,96,17,0,0,0,98,11,87,74,11,63,1092,569,523,239,61,178
"1523","06","097","151311",1845,67273,2272,1238,1034,1960,1104,856,34,0,34,31,0,31,169,69,100,0,0,0,43,43,0,35,22,13,1899,1084,815,141,46,95
"1524","06","097","151401",1334,66875,2419,1222,1197,1727,920,807,0,0,0,48,0,48,169,111,58,12,0,12,363,143,220,100,48,52,1438,842,596,730,221,509
"1525","06","097","151402",1176,46102,3329,1488,1841,2294,1061,1233,48,37,11,73,16,57,117,47,70,42,22,20,564,179,385,191,126,65,1759,822,937,1210,463,747
"1526","06","097","151502",1527,64967,2977,1370,1607,2523,1254,1269,119,35,84,24,7,17,105,43,62,0,0,0,86,16,70,120,15,105,2513,1254,1259,144,31,113
"1527","06","097","151503",1797,125762,1377,1290,87,1326,1239,87,0,0,0,0,0,0,38,38,0,0,0,0,0,0,0,13,13,0,1313,1226,87,26,26,0
"1528","06","097","151504",1637,92292,1316,1012,304,1200,917,283,42,30,12,0,0,0,39,36,3,0,0,0,6,0,6,29,29,0,1124,889,235,94,28,66
"1529","06","097","151601",1671,64643,1680,1253,427,1599,1187,412,0,0,0,0,0,0,46,46,0,0,0,0,6,6,0,29,14,15,1586,1174,412,13,13,0
"1530","06","097","151602",1715,66031,1861,1616,245,1854,1609,245,0,0,0,0,0,0,7,7,0,0,0,0,0,0,0,0,0,0,1818,1573,245,36,36,0
"1531","06","097","151700",1308,64441,2697,1138,1559,2216,1026,1190,14,0,14,0,0,0,104,52,52,31,0,31,121,0,121,211,60,151,2044,972,1072,417,54,363
"1532","06","097","151800",1483,66900,2048,1219,829,1848,1093,755,10,10,0,0,0,0,25,25,0,0,0,0,93,19,74,72,72,0,1729,1056,673,206,50,156
"1533","06","097","151900",1071,41500,1398,371,1027,1098,332,766,59,0,59,27,10,17,24,0,24,0,0,0,109,18,91,81,11,70,950,308,642,285,52,233
"1534","06","097","152000",1103,41974,920,91,829,745,80,665,27,0,27,13,3,10,8,0,8,0,0,0,69,0,69,58,8,50,696,80,616,125,0,125
"1535","06","097","152100",1390,60398,1053,539,514,852,464,388,0,0,0,14,0,14,43,36,7,6,0,6,126,39,87,12,0,12,805,427,378,187,76,111
"1536","06","097","152201",1328,56138,1687,642,1045,1405,611,794,46,9,37,6,0,6,42,6,36,0,0,0,44,4,40,144,12,132,1343,611,732,202,4,198
"1537","06","097","152202",1475,53098,2738,1419,1319,2163,1326,837,52,0,52,35,16,19,128,25,103,0,0,0,192,0,192,168,52,116,2086,1313,773,415,81,334
"1538","06","097","152203",1181,50000,1810,609,1201,1493,587,906,69,0,69,35,0,35,20,0,20,0,0,0,44,13,31,149,9,140,1389,576,813,157,24,133
"1539","06","097","152300",1676,88438,1818,1326,492,1689,1250,439,0,0,0,0,0,0,42,21,21,0,0,0,0,0,0,87,55,32,1584,1177,407,137,73,64
"1540","06","097","152400",2067,105604,4287,3248,1039,3268,2681,587,31,0,31,90,0,90,483,380,103,32,32,0,200,84,116,183,71,112,3212,2625,587,318,140,178
"1541","06","097","152501",1507,67994,1671,788,883,1459,687,772,45,12,33,21,21,0,52,22,30,0,0,0,67,30,37,27,16,11,1368,687,681,170,42,128
"1542","06","097","152502",1537,51716,1513,927,586,1368,869,499,0,0,0,21,12,9,60,29,31,0,0,0,49,10,39,15,7,8,1196,816,380,221,63,158
"1543","06","097","152600",1815,101431,3176,2610,566,2973,2454,519,24,24,0,0,0,0,81,61,20,0,0,0,0,0,0,98,71,27,2788,2396,392,185,58,127
"1544","06","097","152701",1672,62385,2160,1447,713,1899,1287,612,17,17,0,0,0,0,45,45,0,0,0,0,52,0,52,147,98,49,1769,1234,535,159,82,77
"1545","06","097","152702",1463,67891,2091,996,1095,1727,946,781,12,0,12,0,0,0,55,44,11,0,0,0,185,0,185,112,6,106,1618,934,684,309,12,297
"1546","06","097","152801",1397,87517,1949,1366,583,1557,1166,391,15,15,0,25,0,25,103,103,0,0,0,0,195,52,143,54,30,24,1407,1055,352,370,163,207
"1547","06","097","152802",1125,45155,2775,687,2088,2006,556,1450,65,14,51,24,0,24,70,23,47,22,0,22,507,42,465,81,52,29,1668,499,1169,880,99,781
"1548","06","097","152903",1292,54306,1490,571,919,875,416,459,87,15,72,50,21,29,107,45,62,0,0,0,288,64,224,83,10,73,642,385,257,643,121,522
"1549","06","097","152904",1671,71589,1976,1216,760,1665,1063,602,51,19,32,9,9,0,80,59,21,0,0,0,104,16,88,67,50,17,1529,995,534,257,84,173
"1550","06","097","152905",1617,63288,1581,1000,581,1139,811,328,19,0,19,24,0,24,157,149,8,0,0,0,127,7,120,115,33,82,987,763,224,303,55,248
"1551","06","097","152906",1805,85680,2077,1343,734,1788,1191,597,61,43,18,0,0,0,91,35,56,0,0,0,103,64,39,34,10,24,1687,1170,517,228,85,143
"1552","06","097","153001",1103,47321,2490,860,1630,2041,678,1363,72,0,72,7,0,7,89,54,35,0,0,0,190,73,117,91,55,36,1428,593,835,848,203,645
"1553","06","097","153002",1406,54985,1913,825,1088,1419,699,720,65,34,31,17,17,0,42,14,28,33,0,33,312,61,251,25,0,25,1046,545,501,685,215,470
"1554","06","097","153003",1412,54031,2028,1050,978,1505,853,652,18,9,9,6,6,0,85,44,41,0,0,0,393,138,255,21,0,21,1273,808,465,643,189,454
"1555","06","097","153005",1687,77717,2470,1614,856,2096,1477,619,25,0,25,34,16,18,86,59,27,8,0,8,159,0,159,62,62,0,1853,1399,454,451,109,342
"1556","06","097","153006",1632,58413,2830,1780,1050,2326,1560,766,22,0,22,7,0,7,52,52,0,0,0,0,310,137,173,113,31,82,2077,1463,614,568,236,332
"1557","06","097","153102",1252,49886,1453,764,689,811,603,208,68,34,34,112,15,97,97,54,43,0,0,0,340,58,282,25,0,25,505,408,97,750,253,497
"1558","06","097","153103",1185,53939,1409,676,733,909,499,410,23,14,9,70,28,42,68,7,61,0,0,0,267,108,159,72,20,52,587,384,203,689,243,446
"1559","06","097","153104",1135,44205,1176,256,920,662,198,464,48,0,48,35,0,35,88,0,88,0,0,0,272,58,214,71,0,71,452,182,270,561,74,487
"1560","06","097","153200",1384,60830,2523,1159,1364,1608,795,813,44,44,0,96,0,96,130,48,82,13,13,0,406,224,182,226,35,191,1111,447,664,1117,585,532
"1561","06","097","153300",1506,65067,3683,1974,1709,2510,1367,1143,176,100,76,104,48,56,232,152,80,0,0,0,518,218,300,143,89,54,2044,1129,915,1072,516,556
"1562","06","097","153401",1351,68210,2878,1443,1435,2655,1443,1212,8,0,8,0,0,0,44,0,44,0,0,0,66,0,66,105,0,105,2489,1396,1093,337,47,290
"1563","06","097","153403",1378,65909,1556,971,585,1422,902,520,10,10,0,16,6,10,24,7,17,7,0,7,40,40,0,37,6,31,1346,837,509,126,105,21
"1564","06","097","153404",1154,72440,1844,1182,662,1675,1086,589,13,13,0,28,0,28,20,13,7,0,0,0,77,39,38,31,31,0,1659,1070,589,68,30,38
"1565","06","097","153501",1528,79597,1952,1370,582,1753,1239,514,49,38,11,0,0,0,31,31,0,0,0,0,55,41,14,64,21,43,1658,1197,461,184,83,101
"1566","06","097","153502",1439,85911,1693,1270,423,1559,1211,348,17,17,0,7,7,0,29,29,0,0,0,0,64,0,64,17,6,11,1479,1199,280,144,12,132
"1567","06","097","153600",1285,62616,2350,1510,840,2192,1395,797,0,0,0,0,0,0,27,0,27,0,0,0,96,80,16,35,35,0,2085,1343,742,197,126,71
"1568","06","097","153703",1111,49211,1650,1019,631,1548,968,580,7,7,0,13,8,5,15,15,0,0,0,0,26,0,26,41,21,20,1518,950,568,56,18,38
"1569","06","097","153704",1128,44639,1687,877,810,1482,787,695,0,0,0,8,8,0,9,9,0,0,0,0,31,7,24,157,66,91,1374,757,617,203,62,141
"1570","06","097","153705",1261,49217,1745,1138,607,1634,1066,568,12,12,0,0,0,0,13,13,0,0,0,0,45,12,33,41,35,6,1519,1012,507,160,66,94
"1571","06","097","153706",1160,67372,1928,1469,459,1821,1402,419,12,12,0,6,6,0,30,30,0,0,0,0,45,11,34,14,8,6,1756,1368,388,110,45,65
"1572","06","097","153801",1836,86425,3132,1986,1146,2347,1599,748,23,0,23,115,39,76,138,96,42,0,0,0,407,209,198,102,43,59,2033,1388,645,847,463,384
"1573","06","097","153804",2070,92625,1185,927,258,1048,830,218,0,0,0,0,0,0,29,21,8,0,0,0,79,58,21,29,18,11,978,770,208,160,129,31
"1574","06","097","153806",1484,81333,1298,1016,282,1183,943,240,0,0,0,0,0,0,52,35,17,0,0,0,54,29,25,9,9,0,1086,881,205,151,91,60
"1575","06","097","153807",2040,111786,1378,1239,139,1326,1187,139,0,0,0,0,0,0,30,30,0,0,0,0,0,0,0,22,22,0,1190,1051,139,146,146,0
"1576","06","097","153808",1322,62083,1482,1019,463,1044,829,215,10,0,10,41,34,7,45,12,33,0,0,0,319,128,191,23,16,7,876,685,191,532,310,222
"1577","06","097","153809",1329,78792,1577,1169,408,1281,1036,245,0,0,0,0,0,0,24,17,7,0,0,0,216,60,156,56,56,0,1167,993,174,292,117,175
"1578","06","097","153901",1607,73684,2128,1506,622,1924,1442,482,0,0,0,29,0,29,51,14,37,0,0,0,42,20,22,82,30,52,1767,1322,445,261,157,104
"1579","06","097","153902",1307,56691,1717,708,1009,1273,658,615,0,0,0,0,0,0,15,7,8,0,0,0,408,29,379,21,14,7,1087,587,500,594,100,494
"1580","06","097","153903",1612,79847,1690,1075,615,1553,1045,508,0,0,0,7,0,7,19,19,0,0,0,0,86,0,86,25,11,14,1413,963,450,226,82,144
"1581","06","097","154000",1064,75552,1047,715,332,889,674,215,0,0,0,1,1,0,2,2,0,0,0,0,152,38,114,3,0,3,846,641,205,198,71,127
"1582","06","097","154100",1173,71000,1382,798,584,1147,738,409,8,0,8,10,4,6,0,0,0,0,0,0,192,41,151,25,15,10,1083,711,372,264,72,192
"1583","06","097","154201",995,51836,1349,664,685,1075,598,477,13,0,13,70,53,17,0,0,0,0,0,0,168,13,155,23,0,23,806,499,307,458,122,336
"1584","06","097","154202",1263,65944,2264,1746,518,1944,1551,393,36,0,36,0,0,0,47,47,0,0,0,0,152,97,55,85,51,34,1663,1328,335,496,349,147
"1585","06","097","154302",1363,69063,1607,1205,402,1525,1176,349,10,0,10,7,0,7,19,9,10,0,0,0,26,0,26,20,20,0,1505,1166,339,46,10,36
"1586","06","097","154303",1398,74333,758,581,177,724,579,145,4,0,4,0,0,0,0,0,0,0,0,0,22,0,22,8,2,6,724,579,145,22,0,22
"1587","06","097","154304",1000,58587,958,561,397,860,531,329,11,9,2,17,3,14,0,0,0,0,0,0,62,18,44,8,0,8,835,506,329,89,43,46
"1588","06","097","990100",-666666666,-666666666,0,0,0,0,0,0,0,0,0,0,0,0,0,0,0,0,0,0,0,0,0,0,0,0,0,0,0,0,0,0
